   0.0000 0.0000e+00 0.0000e+00 0.0000e+00 0.0000e+00 0.0000e+00 0.0000e+00 0.0000e+00 0.0000e+00 0.0000e+00
   0.2500 1.6416e+06 7.9640e+05 2.5893e+06 8.9316e+05 2.4636e+06 1.3221e+06 2.0544e+06 1.4133e+06 1.8699e+06
   0.5000 3.1631e+06 1.5547e+06 4.9465e+06 1.7418e+06 4.7007e+06 2.5505e+06 3.9532e+06 2.7252e+06 3.6010e+06
   0.7500 4.5594e+06 2.2683e+06 7.0758e+06 2.5374e+06 6.7207e+06 3.6845e+06 5.6847e+06 3.9309e+06 5.1880e+06
   1.0000 5.7974e+06 2.9227e+06 8.9261e+06 3.2627e+06 8.4761e+06 4.6988e+06 7.2050e+06 5.0025e+06 6.5924e+06
   1.2500 6.8524e+06 3.5063e+06 1.0464e+07 3.9045e+06 9.9366e+06 5.5733e+06 8.4840e+06 5.9196e+06 7.7852e+06
   1.5000 7.7141e+06 4.0114e+06 1.1685e+07 4.4546e+06 1.1098e+07 6.2988e+06 9.5110e+06 6.6734e+06 8.7547e+06
   1.7500 8.3833e+06 4.4345e+06 1.2603e+07 4.9096e+06 1.1978e+07 6.8745e+06 1.0290e+07 7.2654e+06 9.5012e+06
   2.0000 8.8690e+06 4.7744e+06 1.3243e+07 5.2692e+06 1.2598e+07 7.3048e+06 1.0835e+07 7.7025e+06 1.0035e+07
   2.2500 9.1837e+06 5.0326e+06 1.3633e+07 5.5359e+06 1.2987e+07 7.5986e+06 1.1164e+07 7.9950e+06 1.0372e+07
   2.5000 9.3437e+06 5.2138e+06 1.3805e+07 5.7156e+06 1.3172e+07 7.7678e+06 1.1302e+07 8.1566e+06 1.0531e+07
   2.7500 9.3685e+06 5.3225e+06 1.3788e+07 5.8145e+06 1.3181e+07 7.8264e+06 1.1274e+07 8.2022e+06 1.0535e+07
   3.0000 9.2779e+06 5.3647e+06 1.3611e+07 5.8402e+06 1.3040e+07 7.7889e+06 1.1107e+07 8.1474e+06 1.0408e+07
   3.2500 9.0911e+06 5.3480e+06 1.3304e+07 5.8021e+06 1.2774e+07 7.6699e+06 1.0826e+07 8.0080e+06 1.0174e+07
   3.5000 8.8263e+06 5.2807e+06 1.2891e+07 5.7097e+06 1.2406e+07 7.4835e+06 1.0455e+07 7.7994e+06 9.8532e+06
   3.7500 8.5012e+06 5.1704e+06 1.2396e+07 5.5722e+06 1.1957e+07 7.2433e+06 1.0016e+07 7.5357e+06 9.4668e+06
   4.0000 8.1316e+06 5.0247e+06 1.1840e+07 5.3982e+06 1.1445e+07 6.9619e+06 9.5310e+06 7.2299e+06 9.0334e+06
   4.2500 7.7313e+06 4.8518e+06 1.1243e+07 5.1968e+06 1.0891e+07 6.6508e+06 9.0156e+06 6.8943e+06 8.5682e+06
   4.5000 7.3127e+06 4.6584e+06 1.0622e+07 4.9754e+06 1.0309e+07 6.3204e+06 8.4852e+06 6.5398e+06 8.0857e+06
   4.7500 6.8862e+06 4.4507e+06 9.9904e+06 4.7407e+06 9.7138e+06 5.9790e+06 7.9517e+06 6.1752e+06 7.5971e+06
   5.0000 6.4602e+06 4.2344e+06 9.3611e+06 4.4989e+06 9.1172e+06 5.6341e+06 7.4249e+06 5.8085e+06 7.1119e+06
   5.2500 6.0412e+06 4.0142e+06 8.7429e+06 4.2548e+06 8.5283e+06 5.2914e+06 6.9122e+06 5.4454e+06 6.6370e+06
   5.5000 5.6346e+06 3.7938e+06 8.1434e+06 4.0122e+06 7.9548e+06 4.9556e+06 6.4190e+06 5.0910e+06 6.1781e+06
   5.7500 5.2438e+06 3.5758e+06 7.5677e+06 3.7739e+06 7.4020e+06 4.6302e+06 5.9492e+06 4.7487e+06 5.7389e+06
   6.0000 4.8714e+06 3.3625e+06 7.0197e+06 3.5420e+06 6.8740e+06 4.3177e+06 5.5050e+06 4.4209e+06 5.3218e+06
   6.2500 4.5190e+06 3.1555e+06 6.5013e+06 3.3180e+06 6.3733e+06 4.0199e+06 5.0878e+06 4.1095e+06 4.9285e+06
   6.5000 4.1874e+06 2.9562e+06 6.0141e+06 3.1033e+06 5.9014e+06 3.7377e+06 4.6978e+06 3.8153e+06 4.5595e+06
   6.7500 3.8769e+06 2.7657e+06 5.5582e+06 2.8988e+06 5.4589e+06 3.4719e+06 4.3348e+06 3.5389e+06 4.2149e+06
   7.0000 3.5873e+06 2.5773e+06 5.1334e+06 2.6969e+06 5.0458e+06 3.2225e+06 3.9982e+06 3.2802e+06 3.8943e+06
   7.2500 3.3180e+06 2.3902e+06 4.7388e+06 2.4964e+06 4.6614e+06 2.9894e+06 3.6869e+06 3.0389e+06 3.5970e+06
   7.5000 3.0682e+06 2.2162e+06 4.3733e+06 2.3106e+06 4.3048e+06 2.7722e+06 3.3996e+06 2.8146e+06 3.3218e+06
   7.7500 2.8371e+06 2.0546e+06 4.0356e+06 2.1386e+06 3.9748e+06 2.5702e+06 3.1350e+06 2.6064e+06 3.0677e+06
   8.0000 2.6235e+06 1.9048e+06 3.7239e+06 1.9797e+06 3.6699e+06 2.3827e+06 2.8916e+06 2.4136e+06 2.8334e+06
   8.2500 2.4264e+06 1.7662e+06 3.4368e+06 1.8330e+06 3.3887e+06 2.2090e+06 2.6679e+06 2.2353e+06 2.6176e+06
   8.5000 2.2447e+06 1.6380e+06 3.1725e+06 1.6978e+06 3.1296e+06 2.0482e+06 2.4625e+06 2.0706e+06 2.4189e+06
   8.7500 2.0774e+06 1.5196e+06 2.9294e+06 1.5731e+06 2.8911e+06 1.8996e+06 2.2739e+06 1.9185e+06 2.2363e+06
   9.0000 1.9233e+06 1.4103e+06 2.7060e+06 1.4583e+06 2.6717e+06 1.7624e+06 2.1009e+06 1.7783e+06 2.0684e+06
   9.2500 1.7815e+06 1.3094e+06 2.5008e+06 1.3525e+06 2.4700e+06 1.6356e+06 1.9421e+06 1.6490e+06 1.9140e+06
   9.5000 1.6510e+06 1.2163e+06 2.3123e+06 1.2551e+06 2.2846e+06 1.5186e+06 1.7964e+06 1.5298e+06 1.7722e+06
   9.7500 1.5309e+06 1.1305e+06 2.1392e+06 1.1654e+06 2.1143e+06 1.4107e+06 1.6628e+06 1.4199e+06 1.6419e+06
  10.0000 1.4204e+06 1.0513e+06 1.9802e+06 1.0828e+06 1.9577e+06 1.3111e+06 1.5401e+06 1.3187e+06 1.5221e+06
  10.2500 1.3186e+06 9.7815e+05 1.8341e+06 1.0067e+06 1.8137e+06 1.2191e+06 1.4274e+06 1.2253e+06 1.4119e+06
  10.5000 1.2249e+06 9.1066e+05 1.6998e+06 9.3649e+05 1.6814e+06 1.1342e+06 1.3239e+06 1.1392e+06 1.3106e+06
  10.7500 1.1386e+06 8.4835e+05 1.5764e+06 8.7177e+05 1.5597e+06 1.0559e+06 1.2288e+06 1.0599e+06 1.2174e+06
  11.0000 1.0591e+06 7.9081e+05 1.4628e+06 8.1208e+05 1.4477e+06 9.8355e+05 1.1413e+06 9.8664e+05 1.1316e+06
  11.2500 9.8581e+05 7.3766e+05 1.3584e+06 7.5700e+05 1.3446e+06 9.1673e+05 1.0608e+06 9.1907e+05 1.0525e+06
  11.5000 9.1824e+05 6.8856e+05 1.2624e+06 7.0618e+05 1.2498e+06 8.5502e+05 9.8683e+05 8.5672e+05 9.7977e+05
  11.7500 8.5594e+05 6.4318e+05 1.1740e+06 6.5925e+05 1.1625e+06 7.9800e+05 9.1870e+05 7.9916e+05 9.1272e+05
  12.0000 7.9840e+05 6.0116e+05 1.0925e+06 6.1584e+05 1.0820e+06 7.4526e+05 8.5588e+05 7.4594e+05 8.5086e+05
  12.2500 7.4520e+05 5.6223e+05 1.0174e+06 5.7566e+05 1.0078e+06 6.9641e+05 7.9789e+05 6.9669e+05 7.9371e+05
  12.5000 6.9599e+05 5.2614e+05 9.4808e+05 5.3844e+05 9.3929e+05 6.5116e+05 7.4433e+05 6.5109e+05 7.4090e+05
  12.7500 6.5044e+05 4.9267e+05 8.8406e+05 5.0395e+05 8.7600e+05 6.0922e+05 6.9484e+05 6.0884e+05 6.9205e+05
  13.0000 6.0827e+05 4.6162e+05 8.2490e+05 4.7196e+05 8.1750e+05 5.7032e+05 6.4907e+05 5.6969e+05 6.4685e+05
  13.2500 5.6919e+05 4.3279e+05 7.7021e+05 4.4230e+05 7.6340e+05 5.3423e+05 6.0673e+05 5.3339e+05 6.0500e+05
  13.5000 5.3297e+05 4.0602e+05 7.1961e+05 4.1477e+05 7.1334e+05 5.0073e+05 5.6754e+05 4.9972e+05 5.6623e+05
  13.7500 4.9938e+05 3.8115e+05 6.7278e+05 3.8921e+05 6.6700e+05 4.6962e+05 5.3124e+05 4.6846e+05 5.3030e+05
  14.0000 4.6821e+05 3.5803e+05 6.2941e+05 3.6547e+05 6.2407e+05 4.4072e+05 4.9761e+05 4.3945e+05 4.9697e+05
  14.2500 4.3928e+05 3.3654e+05 5.8922e+05 3.4340e+05 5.8429e+05 4.1385e+05 4.6642e+05 4.1250e+05 4.6605e+05
  14.5000 4.1240e+05 3.1655e+05 5.5196e+05 3.2289e+05 5.4740e+05 3.8887e+05 4.3750e+05 3.8746e+05 4.3734e+05
  14.7500 3.8741e+05 2.9791e+05 5.1738e+05 3.0378e+05 5.1316e+05 3.6561e+05 4.1062e+05 3.6415e+05 4.1066e+05
  15.0000 3.6414e+05 2.8052e+05 4.8527e+05 2.8596e+05 4.8136e+05 3.4394e+05 3.8564e+05 3.4244e+05 3.8584e+05
  15.2500 3.4248e+05 2.6429e+05 4.5544e+05 2.6933e+05 4.5181e+05 3.2374e+05 3.6239e+05 3.2220e+05 3.6274e+05
  15.5000 3.2228e+05 2.4913e+05 4.2770e+05 2.5381e+05 4.2433e+05 3.0489e+05 3.4074e+05 3.0333e+05 3.4122e+05
  15.7500 3.0345e+05 2.3497e+05 4.0189e+05 2.3931e+05 3.9875e+05 2.8730e+05 3.2058e+05 2.8572e+05 3.2117e+05
  16.0000 2.8588e+05 2.2173e+05 3.7785e+05 2.2576e+05 3.7494e+05 2.7087e+05 3.0178e+05 2.6928e+05 3.0247e+05
  16.2500 2.6947e+05 2.0934e+05 3.5546e+05 2.1309e+05 3.5275e+05 2.5551e+05 2.8424e+05 2.5391e+05 2.8501e+05
  16.5000 2.5414e+05 1.9775e+05 3.3459e+05 2.0124e+05 3.3206e+05 2.4115e+05 2.6787e+05 2.3955e+05 2.6871e+05
  16.7500 2.3981e+05 1.8689e+05 3.1512e+05 1.9014e+05 3.1275e+05 2.2771e+05 2.5258e+05 2.2612e+05 2.5348e+05
  17.0000 2.2640e+05 1.7672e+05 2.9694e+05 1.7975e+05 2.9473e+05 2.1514e+05 2.3829e+05 2.1355e+05 2.3925e+05
  17.2500 2.1386e+05 1.6719e+05 2.7996e+05 1.7002e+05 2.7790e+05 2.0335e+05 2.2492e+05 2.0178e+05 2.2593e+05
  17.5000 2.0211e+05 1.5825e+05 2.6410e+05 1.6089e+05 2.6218e+05 1.9231e+05 2.1242e+05 1.9076e+05 2.1346e+05
  17.7500 1.9110e+05 1.4986e+05 2.4927e+05 1.5233e+05 2.4747e+05 1.8196e+05 2.0072e+05 1.8042e+05 2.0178e+05
  18.0000 1.8078e+05 1.4199e+05 2.3540e+05 1.4430e+05 2.3371e+05 1.7224e+05 1.8975e+05 1.7073e+05 1.9084e+05
  18.2500 1.7111e+05 1.3459e+05 2.2240e+05 1.3676e+05 2.2082e+05 1.6313e+05 1.7948e+05 1.6164e+05 1.8058e+05
  18.5000 1.6203e+05 1.2764e+05 2.1023e+05 1.2967e+05 2.0875e+05 1.5457e+05 1.6985e+05 1.5310e+05 1.7096e+05
  18.7500 1.5350e+05 1.2110e+05 1.9883e+05 1.2300e+05 1.9743e+05 1.4652e+05 1.6082e+05 1.4509e+05 1.6193e+05
  19.0000 1.4550e+05 1.1494e+05 1.8813e+05 1.1673e+05 1.8682e+05 1.3896e+05 1.5233e+05 1.3756e+05 1.5345e+05
  19.2500 1.3797e+05 1.0915e+05 1.7809e+05 1.1082e+05 1.7686e+05 1.3185e+05 1.4437e+05 1.3048e+05 1.4547e+05
  19.5000 1.3089e+05 1.0369e+05 1.6867e+05 1.0526e+05 1.6751e+05 1.2515e+05 1.3688e+05 1.2381e+05 1.3798e+05
  19.7500 1.2423e+05 9.8550e+04 1.5982e+05 1.0003e+05 1.5873e+05 1.1885e+05 1.2984e+05 1.1754e+05 1.3093e+05
  20.0000 1.1796e+05 9.3701e+04 1.5150e+05 9.5089e+04 1.5047e+05 1.1291e+05 1.2322e+05 1.1164e+05 1.2429e+05
  20.2500 1.1206e+05 8.9125e+04 1.4367e+05 9.0432e+04 1.4271e+05 1.0732e+05 1.1698e+05 1.0607e+05 1.1804e+05
  20.5000 1.0649e+05 8.4807e+04 1.3632e+05 8.6037e+04 1.3541e+05 1.0204e+05 1.1111e+05 1.0083e+05 1.1215e+05
  20.7500 1.0124e+05 8.0730e+04 1.2939e+05 8.1888e+04 1.2853e+05 9.7062e+04 1.0558e+05 9.5883e+04 1.0660e+05
  21.0000 9.6293e+04 7.6878e+04 1.2287e+05 7.7970e+04 1.2206e+05 9.2363e+04 1.0037e+05 9.1216e+04 1.0137e+05
  21.2500 9.1622e+04 7.3237e+04 1.1672e+05 7.4267e+04 1.1596e+05 8.7926e+04 9.5450e+04 8.6811e+04 9.6434e+04
  21.5000 8.7211e+04 6.9795e+04 1.1093e+05 7.0766e+04 1.1021e+05 8.3734e+04 9.0810e+04 8.2650e+04 9.1773e+04
  21.7500 8.3046e+04 6.6538e+04 1.0547e+05 6.7455e+04 1.0479e+05 7.9773e+04 8.6429e+04 7.8719e+04 8.7372e+04
  22.0000 7.9109e+04 6.3457e+04 1.0032e+05 6.4323e+04 9.9672e+04 7.6027e+04 8.2292e+04 7.5003e+04 8.3214e+04
  22.2500 7.5387e+04 6.0540e+04 9.5454e+04 6.1358e+04 9.4843e+04 7.2483e+04 7.8383e+04 7.1489e+04 7.9284e+04
  22.5000 7.1866e+04 5.7778e+04 9.0861e+04 5.8552e+04 9.0282e+04 6.9130e+04 7.4688e+04 6.8164e+04 7.5567e+04
  22.7500 6.8535e+04 5.5161e+04 8.6521e+04 5.5893e+04 8.5973e+04 6.5955e+04 7.1193e+04 6.5017e+04 7.2051e+04
  23.0000 6.5382e+04 5.2681e+04 8.2419e+04 5.3374e+04 8.1900e+04 6.2947e+04 6.7886e+04 6.2037e+04 6.8723e+04
  23.2500 6.2395e+04 5.0330e+04 7.8541e+04 5.0986e+04 7.8048e+04 6.0098e+04 6.4757e+04 5.9214e+04 6.5572e+04
  23.5000 5.9565e+04 4.8099e+04 7.4872e+04 4.8721e+04 7.4404e+04 5.7397e+04 6.1793e+04 5.6539e+04 6.2588e+04
  23.7500 5.6883e+04 4.5983e+04 7.1400e+04 4.6572e+04 7.0956e+04 5.4835e+04 5.8985e+04 5.4002e+04 5.9759e+04
  24.0000 5.4340e+04 4.3974e+04 6.8113e+04 4.4532e+04 6.7691e+04 5.2405e+04 5.6324e+04 5.1597e+04 5.7078e+04
  24.2500 5.1927e+04 4.2066e+04 6.5000e+04 4.2596e+04 6.4600e+04 5.0099e+04 5.3801e+04 4.9315e+04 5.4536e+04
  24.5000 4.9638e+04 4.0253e+04 6.2052e+04 4.0756e+04 6.1671e+04 4.7909e+04 5.1408e+04 4.7149e+04 5.2123e+04
  24.7500 4.7465e+04 3.8531e+04 5.9257e+04 3.9008e+04 5.8895e+04 4.5830e+04 4.9138e+04 4.5092e+04 4.9834e+04
  25.0000 4.5401e+04 3.6893e+04 5.6608e+04 3.7347e+04 5.6263e+04 4.3854e+04 4.6983e+04 4.3138e+04 4.7660e+04
  25.2500 4.3441e+04 3.5336e+04 5.4096e+04 3.5767e+04 5.3768e+04 4.1977e+04 4.4936e+04 4.1282e+04 4.5596e+04
  25.5000 4.1578e+04 3.3854e+04 5.1712e+04 3.4264e+04 5.1400e+04 4.0192e+04 4.2993e+04 3.9518e+04 4.3635e+04
  25.7500 3.9807e+04 3.2444e+04 4.9450e+04 3.2834e+04 4.9153e+04 3.8494e+04 4.1146e+04 3.7840e+04 4.1771e+04
  26.0000 3.8122e+04 3.1102e+04 4.7303e+04 3.1473e+04 4.7020e+04 3.6878e+04 3.9390e+04 3.6244e+04 3.9998e+04
  26.2500 3.6520e+04 2.9823e+04 4.5264e+04 3.0177e+04 4.4994e+04 3.5341e+04 3.7721e+04 3.4726e+04 3.8312e+04
  26.5000 3.4995e+04 2.8605e+04 4.3327e+04 2.8942e+04 4.3070e+04 3.3878e+04 3.6133e+04 3.3280e+04 3.6709e+04
  26.7500 3.3544e+04 2.7445e+04 4.1487e+04 2.7766e+04 4.1241e+04 3.2484e+04 3.4622e+04 3.1905e+04 3.5182e+04
  27.0000 3.2162e+04 2.6338e+04 3.9737e+04 2.6644e+04 3.9502e+04 3.1156e+04 3.3184e+04 3.0594e+04 3.3729e+04
  27.2500 3.0845e+04 2.5283e+04 3.8071e+04 2.5575e+04 3.7847e+04 2.9891e+04 3.1814e+04 2.9346e+04 3.2345e+04
  27.5000 2.9590e+04 2.4277e+04 3.6485e+04 2.4555e+04 3.6271e+04 2.8685e+04 3.0510e+04 2.8156e+04 3.1026e+04
  27.7500 2.8394e+04 2.3317e+04 3.4975e+04 2.3582e+04 3.4770e+04 2.7534e+04 2.9267e+04 2.7021e+04 2.9769e+04
  28.0000 2.7254e+04 2.2400e+04 3.3535e+04 2.2654e+04 3.3340e+04 2.6437e+04 2.8082e+04 2.5939e+04 2.8570e+04
  28.2500 2.6166e+04 2.1525e+04 3.2164e+04 2.1767e+04 3.1977e+04 2.5390e+04 2.6953e+04 2.4907e+04 2.7427e+04
  28.5000 2.5129e+04 2.0690e+04 3.0857e+04 2.0921e+04 3.0678e+04 2.4391e+04 2.5876e+04 2.3923e+04 2.6336e+04
  28.7500 2.4138e+04 1.9891e+04 2.9610e+04 2.0112e+04 2.9439e+04 2.3437e+04 2.4848e+04 2.2983e+04 2.5296e+04
  29.0000 2.3193e+04 1.9128e+04 2.8421e+04 1.9340e+04 2.8258e+04 2.2526e+04 2.3868e+04 2.2086e+04 2.4302e+04
  29.2500 2.2290e+04 1.8399e+04 2.7287e+04 1.8601e+04 2.7130e+04 2.1655e+04 2.2932e+04 2.1229e+04 2.3354e+04
  29.5000 2.1428e+04 1.7702e+04 2.6205e+04 1.7895e+04 2.6055e+04 2.0824e+04 2.2039e+04 2.0410e+04 2.2448e+04
  29.7500 2.0604e+04 1.7035e+04 2.5172e+04 1.7220e+04 2.5028e+04 2.0029e+04 2.1185e+04 1.9628e+04 2.1583e+04
  30.0000 1.9817e+04 1.6397e+04 2.4186e+04 1.6574e+04 2.4048e+04 1.9269e+04 2.0370e+04 1.8880e+04 2.0756e+04
  30.2500 1.9065e+04 1.5787e+04 2.3244e+04 1.5956e+04 2.3111e+04 1.8543e+04 1.9591e+04 1.8166e+04 1.9966e+04
  30.5000 1.8345e+04 1.5202e+04 2.2344e+04 1.5364e+04 2.2217e+04 1.7848e+04 1.8847e+04 1.7482e+04 1.9210e+04
  30.7500 1.7657e+04 1.4643e+04 2.1484e+04 1.4798e+04 2.1363e+04 1.7183e+04 1.8135e+04 1.6828e+04 1.8487e+04
  31.0000 1.6999e+04 1.4107e+04 2.0663e+04 1.4256e+04 2.0546e+04 1.6546e+04 1.7454e+04 1.6203e+04 1.7796e+04
  31.2500 1.6369e+04 1.3594e+04 1.9878e+04 1.3737e+04 1.9765e+04 1.5937e+04 1.6803e+04 1.5604e+04 1.7135e+04
  31.5000 1.5766e+04 1.3102e+04 1.9127e+04 1.3239e+04 1.9019e+04 1.5354e+04 1.6180e+04 1.5031e+04 1.6502e+04
  31.7500 1.5189e+04 1.2631e+04 1.8409e+04 1.2762e+04 1.8305e+04 1.4796e+04 1.5584e+04 1.4482e+04 1.5896e+04
  32.0000 1.4636e+04 1.2179e+04 1.7722e+04 1.2305e+04 1.7622e+04 1.4261e+04 1.5013e+04 1.3957e+04 1.5316e+04
  32.2500 1.4106e+04 1.1746e+04 1.7065e+04 1.1867e+04 1.6969e+04 1.3748e+04 1.4466e+04 1.3454e+04 1.4760e+04
  32.5000 1.3599e+04 1.1331e+04 1.6436e+04 1.1446e+04 1.6344e+04 1.3257e+04 1.3943e+04 1.2971e+04 1.4228e+04
  32.7500 1.3113e+04 1.0932e+04 1.5834e+04 1.1043e+04 1.5746e+04 1.2786e+04 1.3441e+04 1.2509e+04 1.3718e+04
  33.0000 1.2647e+04 1.0550e+04 1.5258e+04 1.0657e+04 1.5173e+04 1.2335e+04 1.2961e+04 1.2066e+04 1.3229e+04
  33.2500 1.2201e+04 1.0183e+04 1.4706e+04 1.0285e+04 1.4624e+04 1.1902e+04 1.2500e+04 1.1641e+04 1.2760e+04
  33.5000 1.1772e+04 9.8307e+03 1.4176e+04 9.9291e+03 1.4098e+04 1.1486e+04 1.2058e+04 1.1233e+04 1.2310e+04
  33.7500 1.1360e+04 9.4924e+03 1.3669e+04 9.5870e+03 1.3594e+04 1.1087e+04 1.1634e+04 1.0841e+04 1.1879e+04
  34.0000 1.0965e+04 9.1675e+03 1.3183e+04 9.2585e+03 1.3110e+04 1.0704e+04 1.1227e+04 1.0465e+04 1.1465e+04
  34.2500 1.0586e+04 8.8554e+03 1.2716e+04 8.9429e+03 1.2646e+04 1.0335e+04 1.0836e+04 1.0104e+04 1.1067e+04
  34.5000 1.0222e+04 8.5556e+03 1.2269e+04 8.6397e+03 1.2201e+04 9.9818e+03 1.0461e+04 9.7572e+03 1.0685e+04
  34.7500 9.8716e+03 8.2674e+03 1.1839e+04 8.3483e+03 1.1774e+04 9.6421e+03 1.0101e+04 9.4240e+03 1.0318e+04
  35.0000 9.5354e+03 7.9904e+03 1.1427e+04 8.0683e+03 1.1364e+04 9.3156e+03 9.7547e+03 9.1039e+03 9.9660e+03
  35.2500 9.2123e+03 7.7241e+03 1.1031e+04 7.7991e+03 1.0971e+04 9.0017e+03 9.4223e+03 8.7962e+03 9.6275e+03
  35.5000 8.9017e+03 7.4680e+03 1.0651e+04 7.5402e+03 1.0593e+04 8.7000e+03 9.1028e+03 8.5004e+03 9.3022e+03
  35.7500 8.6032e+03 7.2217e+03 1.0287e+04 7.2912e+03 1.0230e+04 8.4099e+03 8.7958e+03 8.2160e+03 8.9895e+03
  36.0000 8.3161e+03 6.9848e+03 9.9361e+03 7.0517e+03 9.8818e+03 8.1309e+03 8.5006e+03 7.9426e+03 8.6888e+03
  36.2500 8.0400e+03 6.7568e+03 9.5994e+03 6.8213e+03 9.5470e+03 7.8625e+03 8.2169e+03 7.6796e+03 8.3998e+03
  36.5000 7.7745e+03 6.5374e+03 9.2757e+03 6.5996e+03 9.2251e+03 7.6043e+03 7.9440e+03 7.4266e+03 8.1217e+03
  36.7500 7.5190e+03 6.3262e+03 8.9647e+03 6.3861e+03 8.9158e+03 7.3558e+03 7.6815e+03 7.1832e+03 7.8543e+03
  37.0000 7.2732e+03 6.1229e+03 8.6656e+03 6.1807e+03 8.6185e+03 7.1167e+03 7.4290e+03 6.9490e+03 7.5969e+03
  37.2500 7.0366e+03 5.9271e+03 8.3780e+03 5.9829e+03 8.3325e+03 6.8865e+03 7.1861e+03 6.7235e+03 7.3493e+03
  37.5000 6.8089e+03 5.7386e+03 8.1014e+03 5.7923e+03 8.0574e+03 6.6648e+03 6.9522e+03 6.5065e+03 7.1110e+03
  37.7500 6.5897e+03 5.5570e+03 7.8354e+03 5.6088e+03 7.7929e+03 6.4514e+03 6.7272e+03 6.2976e+03 6.8816e+03
  38.0000 6.3786e+03 5.3820e+03 7.5794e+03 5.4321e+03 7.5383e+03 6.2459e+03 6.5106e+03 6.0963e+03 6.6606e+03
  38.2500 6.1753e+03 5.2134e+03 7.3330e+03 5.2617e+03 7.2933e+03 6.0479e+03 6.3020e+03 5.9026e+03 6.4479e+03
  38.5000 5.9795e+03 5.0509e+03 7.0959e+03 5.0976e+03 7.0575e+03 5.8571e+03 6.1012e+03 5.7159e+03 6.2430e+03
  38.7500 5.7909e+03 4.8943e+03 6.8676e+03 4.9393e+03 6.8305e+03 5.6732e+03 5.9077e+03 5.5360e+03 6.0456e+03
  39.0000 5.6091e+03 4.7433e+03 6.6478e+03 4.7868e+03 6.6119e+03 5.4961e+03 5.7214e+03 5.3627e+03 5.8555e+03
  39.2500 5.4340e+03 4.5977e+03 6.4362e+03 4.6397e+03 6.4014e+03 5.3253e+03 5.5418e+03 5.1957e+03 5.6722e+03
  39.5000 5.2651e+03 4.4572e+03 6.2323e+03 4.4979e+03 6.1987e+03 5.1607e+03 5.3688e+03 5.0347e+03 5.4956e+03
  39.7500 5.1024e+03 4.3218e+03 6.0358e+03 4.3610e+03 6.0033e+03 5.0020e+03 5.2021e+03 4.8795e+03 5.3253e+03
  40.0000 4.9455e+03 4.1911e+03 5.8465e+03 4.2291e+03 5.8151e+03 4.8489e+03 5.0413e+03 4.7299e+03 5.1612e+03
  40.2500 4.7942e+03 4.0650e+03 5.6641e+03 4.1017e+03 5.6337e+03 4.7012e+03 4.8864e+03 4.5856e+03 5.0029e+03
  40.5000 4.6483e+03 3.9434e+03 5.4883e+03 3.9788e+03 5.4588e+03 4.5588e+03 4.7370e+03 4.4464e+03 4.8502e+03
  40.7500 4.5075e+03 3.8259e+03 5.3187e+03 3.8602e+03 5.2902e+03 4.4214e+03 4.5929e+03 4.3122e+03 4.7030e+03
  41.0000 4.3716e+03 3.7124e+03 5.1552e+03 3.7456e+03 5.1276e+03 4.2887e+03 4.4538e+03 4.1825e+03 4.5608e+03
  41.2500 4.2404e+03 3.6028e+03 4.9975e+03 3.6349e+03 4.9708e+03 4.1606e+03 4.3195e+03 4.0574e+03 4.4236e+03
  41.5000 4.1138e+03 3.4969e+03 4.8454e+03 3.5279e+03 4.8194e+03 4.0369e+03 4.1899e+03 3.9365e+03 4.2912e+03
  41.7500 3.9914e+03 3.3945e+03 4.6985e+03 3.4245e+03 4.6734e+03 3.9174e+03 4.0648e+03 3.8198e+03 4.1633e+03
  42.0000 3.8733e+03 3.2956e+03 4.5568e+03 3.3246e+03 4.5324e+03 3.8020e+03 3.9440e+03 3.7070e+03 4.0397e+03
  42.2500 3.7592e+03 3.1999e+03 4.4200e+03 3.2281e+03 4.3964e+03 3.6904e+03 3.8272e+03 3.5980e+03 3.9204e+03
  42.5000 3.6489e+03 3.1074e+03 4.2879e+03 3.1347e+03 4.2651e+03 3.5826e+03 3.7145e+03 3.4928e+03 3.8052e+03
  42.7500 3.5423e+03 3.0180e+03 4.1604e+03 3.0444e+03 4.1382e+03 3.4785e+03 3.6056e+03 3.3910e+03 3.6938e+03
  43.0000 3.4393e+03 2.9315e+03 4.0372e+03 2.9571e+03 4.0157e+03 3.3778e+03 3.5003e+03 3.2927e+03 3.5861e+03
  43.2500 3.3398e+03 2.8479e+03 3.9183e+03 2.8727e+03 3.8974e+03 3.2804e+03 3.3986e+03 3.1976e+03 3.4821e+03
  43.5000 3.2436e+03 2.7670e+03 3.8034e+03 2.7910e+03 3.7831e+03 3.1863e+03 3.3002e+03 3.1057e+03 3.3816e+03
  43.7500 3.1505e+03 2.6887e+03 3.6923e+03 2.7120e+03 3.6727e+03 3.0953e+03 3.2051e+03 3.0168e+03 3.2843e+03
  44.0000 3.0605e+03 2.6130e+03 3.5850e+03 2.6355e+03 3.5659e+03 3.0072e+03 3.1132e+03 2.9308e+03 3.1903e+03
  44.2500 2.9735e+03 2.5397e+03 3.4813e+03 2.5615e+03 3.4628e+03 2.9221e+03 3.0243e+03 2.8476e+03 3.0994e+03
  44.5000 2.8893e+03 2.4687e+03 3.3810e+03 2.4899e+03 3.3631e+03 2.8397e+03 2.9383e+03 2.7672e+03 3.0115e+03
  44.7500 2.8078e+03 2.4001e+03 3.2841e+03 2.4206e+03 3.2666e+03 2.7600e+03 2.8552e+03 2.6894e+03 2.9264e+03
  45.0000 2.7290e+03 2.3336e+03 3.1903e+03 2.3535e+03 3.1734e+03 2.6828e+03 2.7747e+03 2.6140e+03 2.8441e+03
  45.2500 2.6528e+03 2.2692e+03 3.0997e+03 2.2886e+03 3.0832e+03 2.6081e+03 2.6969e+03 2.5411e+03 2.7644e+03
  45.5000 2.5790e+03 2.2069e+03 3.0120e+03 2.2257e+03 2.9960e+03 2.5358e+03 2.6216e+03 2.4706e+03 2.6874e+03
  45.7500 2.5075e+03 2.1465e+03 2.9271e+03 2.1647e+03 2.9116e+03 2.4659e+03 2.5486e+03 2.4023e+03 2.6128e+03
  46.0000 2.4383e+03 2.0881e+03 2.8450e+03 2.1057e+03 2.8300e+03 2.3981e+03 2.4781e+03 2.3361e+03 2.5406e+03
  46.2500 2.3713e+03 2.0314e+03 2.7656e+03 2.0486e+03 2.7510e+03 2.3325e+03 2.4097e+03 2.2721e+03 2.4706e+03
  46.5000 2.3065e+03 1.9766e+03 2.6887e+03 1.9932e+03 2.6745e+03 2.2689e+03 2.3436e+03 2.2101e+03 2.4029e+03
  46.7500 2.2437e+03 1.9234e+03 2.6143e+03 1.9396e+03 2.6005e+03 2.2074e+03 2.2795e+03 2.1500e+03 2.3373e+03
  47.0000 2.1828e+03 1.8719e+03 2.5423e+03 1.8876e+03 2.5288e+03 2.1477e+03 2.2175e+03 2.0918e+03 2.2738e+03
  47.2500 2.1239e+03 1.8220e+03 2.4725e+03 1.8372e+03 2.4594e+03 2.0899e+03 2.1573e+03 2.0354e+03 2.2123e+03
  47.5000 2.0668e+03 1.7736e+03 2.4049e+03 1.7884e+03 2.3922e+03 2.0340e+03 2.0991e+03 1.9808e+03 2.1527e+03
  47.7500 2.0114e+03 1.7267e+03 2.3395e+03 1.7411e+03 2.3272e+03 1.9797e+03 2.0427e+03 1.9279e+03 2.0949e+03
  48.0000 1.9578e+03 1.6812e+03 2.2761e+03 1.6952e+03 2.2641e+03 1.9271e+03 1.9881e+03 1.8766e+03 2.0390e+03
  48.2500 1.9058e+03 1.6372e+03 2.2147e+03 1.6507e+03 2.2031e+03 1.8761e+03 1.9351e+03 1.8268e+03 1.9847e+03
  48.5000 1.8554e+03 1.5944e+03 2.1553e+03 1.6076e+03 2.1439e+03 1.8267e+03 1.8837e+03 1.7786e+03 1.9321e+03
  48.7500 1.8065e+03 1.5530e+03 2.0976e+03 1.5658e+03 2.0865e+03 1.7788e+03 1.8340e+03 1.7319e+03 1.8812e+03
  49.0000 1.7592e+03 1.5128e+03 2.0417e+03 1.5252e+03 2.0310e+03 1.7323e+03 1.7857e+03 1.6866e+03 1.8317e+03
  49.2500 1.7132e+03 1.4737e+03 1.9876e+03 1.4859e+03 1.9771e+03 1.6872e+03 1.7389e+03 1.6426e+03 1.7838e+03
  49.5000 1.6687e+03 1.4359e+03 1.9351e+03 1.4477e+03 1.9249e+03 1.6435e+03 1.6936e+03 1.6000e+03 1.7373e+03
  49.7500 1.6255e+03 1.3992e+03 1.8842e+03 1.4107e+03 1.8742e+03 1.6011e+03 1.6496e+03 1.5587e+03 1.6923e+03
  50.0000 1.5836e+03 1.3636e+03 1.8348e+03 1.3748e+03 1.8251e+03 1.5599e+03 1.6069e+03 1.5186e+03 1.6485e+03
  50.2500 1.5429e+03 1.3290e+03 1.7869e+03 1.3399e+03 1.7775e+03 1.5200e+03 1.5655e+03 1.4797e+03 1.6061e+03
  50.5000 1.5034e+03 1.2955e+03 1.7405e+03 1.3060e+03 1.7313e+03 1.4812e+03 1.5253e+03 1.4419e+03 1.5649e+03
  50.7500 1.4651e+03 1.2629e+03 1.6954e+03 1.2732e+03 1.6865e+03 1.4436e+03 1.4863e+03 1.4052e+03 1.5250e+03
  51.0000 1.4279e+03 1.2312e+03 1.6517e+03 1.2412e+03 1.6430e+03 1.4070e+03 1.4485e+03 1.3696e+03 1.4862e+03
  51.2500 1.3918e+03 1.2005e+03 1.6093e+03 1.2102e+03 1.6008e+03 1.3716e+03 1.4117e+03 1.3350e+03 1.4485e+03
  51.5000 1.3567e+03 1.1706e+03 1.5682e+03 1.1801e+03 1.5599e+03 1.3371e+03 1.3760e+03 1.3015e+03 1.4120e+03
  51.7500 1.3227e+03 1.1416e+03 1.5282e+03 1.1508e+03 1.5202e+03 1.3037e+03 1.3414e+03 1.2689e+03 1.3765e+03
  52.0000 1.2896e+03 1.1134e+03 1.4894e+03 1.1224e+03 1.4816e+03 1.2712e+03 1.3078e+03 1.2372e+03 1.3420e+03
  52.2500 1.2575e+03 1.0860e+03 1.4518e+03 1.0947e+03 1.4442e+03 1.2396e+03 1.2751e+03 1.2065e+03 1.3085e+03
  52.5000 1.2263e+03 1.0594e+03 1.4152e+03 1.0679e+03 1.4078e+03 1.2090e+03 1.2434e+03 1.1766e+03 1.2760e+03
  52.7500 1.1960e+03 1.0335e+03 1.3798e+03 1.0418e+03 1.3725e+03 1.1792e+03 1.2126e+03 1.1476e+03 1.2444e+03
  53.0000 1.1665e+03 1.0083e+03 1.3453e+03 1.0164e+03 1.3382e+03 1.1502e+03 1.1826e+03 1.1194e+03 1.2137e+03
  53.2500 1.1379e+03 9.8388e+02 1.3118e+03 9.9175e+02 1.3049e+03 1.1221e+03 1.1535e+03 1.0920e+03 1.1839e+03
  53.5000 1.1101e+03 9.6011e+02 1.2793e+03 9.6778e+02 1.2726e+03 1.0948e+03 1.1252e+03 1.0653e+03 1.1549e+03
  53.7500 1.0831e+03 9.3700e+02 1.2477e+03 9.4447e+02 1.2412e+03 1.0682e+03 1.0978e+03 1.0395e+03 1.1267e+03
  54.0000 1.0568e+03 9.1452e+02 1.2170e+03 9.2180e+02 1.2106e+03 1.0423e+03 1.0711e+03 1.0143e+03 1.0993e+03
  54.2500 1.0313e+03 8.9266e+02 1.1872e+03 8.9976e+02 1.1810e+03 1.0172e+03 1.0451e+03 9.8981e+02 1.0727e+03
  54.5000 1.0064e+03 8.7140e+02 1.1582e+03 8.7832e+02 1.1521e+03 9.9280e+02 1.0199e+03 9.6601e+02 1.0468e+03
  54.7500 9.8230e+02 8.5072e+02 1.1301e+03 8.5747e+02 1.1241e+03 9.6905e+02 9.9535e+02 9.4288e+02 1.0217e+03
  55.0000 9.5881e+02 8.3060e+02 1.1027e+03 8.3718e+02 1.0969e+03 9.4595e+02 9.7149e+02 9.2037e+02 9.9723e+02
  55.2500 9.3598e+02 8.1103e+02 1.0761e+03 8.1745e+02 1.0704e+03 9.2348e+02 9.4829e+02 8.9849e+02 9.7344e+02
  55.5000 9.1377e+02 7.9199e+02 1.0502e+03 7.9824e+02 1.0447e+03 9.0163e+02 9.2572e+02 8.7720e+02 9.5031e+02
  55.7500 8.9216e+02 7.7346e+02 1.0250e+03 7.7956e+02 1.0196e+03 8.8036e+02 9.0378e+02 8.5649e+02 9.2780e+02
  56.0000 8.7114e+02 7.5542e+02 1.0006e+03 7.6138e+02 9.9528e+02 8.5968e+02 8.8243e+02 8.3634e+02 9.0591e+02
  56.2500 8.5069e+02 7.3787e+02 9.7675e+02 7.4368e+02 9.7161e+02 8.3955e+02 8.6166e+02 8.1674e+02 8.8461e+02
  56.5000 8.3079e+02 7.2079e+02 9.5361e+02 7.2646e+02 9.4858e+02 8.1997e+02 8.4145e+02 7.9766e+02 8.6389e+02
  56.7500 8.1142e+02 7.0416e+02 9.3109e+02 7.0969e+02 9.2618e+02 8.0090e+02 8.2179e+02 7.7909e+02 8.4373e+02
  57.0000 7.9258e+02 6.8797e+02 9.0919e+02 6.9337e+02 9.0439e+02 7.8235e+02 8.0265e+02 7.6102e+02 8.2411e+02
  57.2500 7.7424e+02 6.7221e+02 8.8788e+02 6.7748e+02 8.8320e+02 7.6429e+02 7.8403e+02 7.4343e+02 8.0501e+02
  57.5000 7.5638e+02 6.5686e+02 8.6714e+02 6.6201e+02 8.6257e+02 7.4671e+02 7.6591e+02 7.2631e+02 7.8642e+02
  57.7500 7.3900e+02 6.4192e+02 8.4696e+02 6.4694e+02 8.4249e+02 7.2959e+02 7.4826e+02 7.0964e+02 7.6833e+02
  58.0000 7.2207e+02 6.2737e+02 8.2733e+02 6.3227e+02 8.2295e+02 7.1293e+02 7.3109e+02 6.9341e+02 7.5071e+02
  58.2500 7.0560e+02 6.1319e+02 8.0821e+02 6.1798e+02 8.0394e+02 6.9670e+02 7.1436e+02 6.7761e+02 7.3356e+02
  58.5000 6.8955e+02 5.9938e+02 7.8960e+02 6.0407e+02 7.8542e+02 6.8090e+02 6.9808e+02 6.6222e+02 7.1686e+02
  58.7500 6.7392e+02 5.8594e+02 7.7149e+02 5.9051e+02 7.6740e+02 6.6550e+02 6.8222e+02 6.4723e+02 7.0060e+02
  59.0000 6.5870e+02 5.7283e+02 7.5385e+02 5.7730e+02 7.4985e+02 6.5051e+02 6.6678e+02 6.3262e+02 6.8476e+02
  59.2500 6.4388e+02 5.6007e+02 7.3667e+02 5.6443e+02 7.3277e+02 6.3591e+02 6.5174e+02 6.1840e+02 6.6933e+02
  59.5000 6.2944e+02 5.4763e+02 7.1995e+02 5.5190e+02 7.1613e+02 6.2168e+02 6.3709e+02 6.0455e+02 6.5431e+02
  59.7500 6.1537e+02 5.3551e+02 7.0366e+02 5.3968e+02 6.9992e+02 6.0782e+02 6.2281e+02 5.9105e+02 6.3967e+02
  60.0000 6.0166e+02 5.2370e+02 6.8779e+02 5.2777e+02 6.8414e+02 5.9431e+02 6.0891e+02 5.7789e+02 6.2541e+02
  60.2500 5.8831e+02 5.1219e+02 6.7234e+02 5.1617e+02 6.6876e+02 5.8115e+02 5.9536e+02 5.6508e+02 6.1151e+02
  60.5000 5.7529e+02 5.0097e+02 6.5728e+02 5.0486e+02 6.5378e+02 5.6832e+02 5.8216e+02 5.5259e+02 5.9797e+02
  60.7500 5.6261e+02 4.9003e+02 6.4262e+02 4.9384e+02 6.3919e+02 5.5582e+02 5.6930e+02 5.4041e+02 5.8478e+02
  61.0000 5.5025e+02 4.7937e+02 6.2832e+02 4.8310e+02 6.2497e+02 5.4363e+02 5.5676e+02 5.2855e+02 5.7192e+02
  61.2500 5.3820e+02 4.6897e+02 6.1440e+02 4.7262e+02 6.1111e+02 5.3176e+02 5.4454e+02 5.1698e+02 5.5939e+02
  61.5000 5.2645e+02 4.5884e+02 6.0082e+02 4.6241e+02 5.9761e+02 5.2018e+02 5.3263e+02 5.0570e+02 5.4717e+02
  61.7500 5.1500e+02 4.4896e+02 5.8759e+02 4.5245e+02 5.8445e+02 5.0889e+02 5.2102e+02 4.9471e+02 5.3526e+02
  62.0000 5.0383e+02 4.3932e+02 5.7470e+02 4.4273e+02 5.7162e+02 4.9788e+02 5.0970e+02 4.8399e+02 5.2365e+02
  62.2500 4.9294e+02 4.2991e+02 5.6213e+02 4.3325e+02 5.5911e+02 4.8714e+02 4.9866e+02 4.7354e+02 5.1232e+02
  62.5000 4.8232e+02 4.2074e+02 5.4988e+02 4.2401e+02 5.4692e+02 4.7667e+02 4.8790e+02 4.6334e+02 5.0128e+02
  62.7500 4.7197e+02 4.1179e+02 5.3793e+02 4.1499e+02 5.3504e+02 4.6646e+02 4.7740e+02 4.5340e+02 4.9051e+02
  63.0000 4.6187e+02 4.0306e+02 5.2629e+02 4.0620e+02 5.2345e+02 4.5649e+02 4.6716e+02 4.4370e+02 4.8001e+02
  63.2500 4.5201e+02 3.9454e+02 5.1493e+02 3.9761e+02 5.1215e+02 4.4677e+02 4.5717e+02 4.3423e+02 4.6977e+02
  63.5000 4.4240e+02 3.8623e+02 5.0385e+02 3.8923e+02 5.0113e+02 4.3729e+02 4.4743e+02 4.2500e+02 4.5978e+02
  63.7500 4.3302e+02 3.7812e+02 4.9305e+02 3.8106e+02 4.9038e+02 4.2804e+02 4.3793e+02 4.1600e+02 4.5003e+02
  64.0000 4.2387e+02 3.7020e+02 4.8252e+02 3.7308e+02 4.7990e+02 4.1902e+02 4.2866e+02 4.0721e+02 4.4052e+02
  64.2500 4.1494e+02 3.6247e+02 4.7224e+02 3.6530e+02 4.6968e+02 4.1021e+02 4.1961e+02 3.9863e+02 4.3124e+02
  64.5000 4.0623e+02 3.5493e+02 4.6221e+02 3.5769e+02 4.5970e+02 4.0161e+02 4.1078e+02 3.9026e+02 4.2218e+02
  64.7500 3.9773e+02 3.4756e+02 4.5243e+02 3.5027e+02 4.4997e+02 3.9323e+02 4.0217e+02 3.8209e+02 4.1334e+02
  65.0000 3.8943e+02 3.4037e+02 4.4289e+02 3.4303e+02 4.4047e+02 3.8504e+02 3.9376e+02 3.7412e+02 4.0472e+02
  65.2500 3.8133e+02 3.3336e+02 4.3358e+02 3.3596e+02 4.3121e+02 3.7704e+02 3.8556e+02 3.6634e+02 3.9630e+02
  65.5000 3.7342e+02 3.2650e+02 4.2449e+02 3.2905e+02 4.2217e+02 3.6924e+02 3.7755e+02 3.5874e+02 3.8809e+02
  65.7500 3.6570e+02 3.1981e+02 4.1562e+02 3.2231e+02 4.1334e+02 3.6162e+02 3.6973e+02 3.5133e+02 3.8007e+02
  66.0000 3.5817e+02 3.1328e+02 4.0697e+02 3.1573e+02 4.0473e+02 3.5419e+02 3.6210e+02 3.4408e+02 3.7224e+02
  66.2500 3.5081e+02 3.0689e+02 3.9852e+02 3.0930e+02 3.9633e+02 3.4692e+02 3.5464e+02 3.3701e+02 3.6459e+02
  66.5000 3.4362e+02 3.0066e+02 3.9028e+02 3.0302e+02 3.8812e+02 3.3983e+02 3.4737e+02 3.3011e+02 3.5713e+02
  66.7500 3.3661e+02 2.9457e+02 3.8223e+02 2.9688e+02 3.8011e+02 3.3291e+02 3.4026e+02 3.2337e+02 3.4984e+02
  67.0000 3.2976e+02 2.8862e+02 3.7437e+02 2.9089e+02 3.7229e+02 3.2614e+02 3.3332e+02 3.1678e+02 3.4272e+02
  67.2500 3.2306e+02 2.8281e+02 3.6669e+02 2.8504e+02 3.6466e+02 3.1954e+02 3.2655e+02 3.1035e+02 3.3577e+02
  67.5000 3.1653e+02 2.7714e+02 3.5920e+02 2.7932e+02 3.5720e+02 3.1308e+02 3.1993e+02 3.0407e+02 3.2898e+02
  67.7500 3.1014e+02 2.7159e+02 3.5188e+02 2.7373e+02 3.4992e+02 3.0678e+02 3.1346e+02 2.9793e+02 3.2235e+02
  68.0000 3.0391e+02 2.6617e+02 3.4474e+02 2.6827e+02 3.4281e+02 3.0062e+02 3.0715e+02 2.9194e+02 3.1587e+02
  68.2500 2.9781e+02 2.6088e+02 3.3776e+02 2.6294e+02 3.3587e+02 2.9461e+02 3.0098e+02 2.8608e+02 3.0954e+02
  68.5000 2.9186e+02 2.5570e+02 3.3094e+02 2.5772e+02 3.2908e+02 2.8873e+02 2.9495e+02 2.8035e+02 3.0336e+02
  68.7500 2.8604e+02 2.5064e+02 3.2428e+02 2.5263e+02 3.2246e+02 2.8298e+02 2.8907e+02 2.7476e+02 2.9732e+02
  69.0000 2.8036e+02 2.4570e+02 3.1778e+02 2.4765e+02 3.1598e+02 2.7737e+02 2.8331e+02 2.6930e+02 2.9142e+02
  69.2500 2.7481e+02 2.4087e+02 3.1142e+02 2.4278e+02 3.0966e+02 2.7188e+02 2.7769e+02 2.6396e+02 2.8565e+02
  69.5000 2.6938e+02 2.3615e+02 3.0521e+02 2.3803e+02 3.0348e+02 2.6652e+02 2.7220e+02 2.5874e+02 2.8001e+02
  69.7500 2.6407e+02 2.3153e+02 2.9914e+02 2.3338e+02 2.9744e+02 2.6128e+02 2.6683e+02 2.5363e+02 2.7450e+02
  70.0000 2.5889e+02 2.2702e+02 2.9321e+02 2.2883e+02 2.9154e+02 2.5616e+02 2.6158e+02 2.4865e+02 2.6912e+02
  70.2500 2.5382e+02 2.2260e+02 2.8742e+02 2.2438e+02 2.8578e+02 2.5115e+02 2.5645e+02 2.4377e+02 2.6386e+02
  70.5000 2.4886e+02 2.1829e+02 2.8176e+02 2.2004e+02 2.8014e+02 2.4626e+02 2.5144e+02 2.3901e+02 2.5871e+02
  70.7500 2.4402e+02 2.1407e+02 2.7622e+02 2.1579e+02 2.7464e+02 2.4147e+02 2.4653e+02 2.3435e+02 2.5368e+02
  71.0000 2.3928e+02 2.0994e+02 2.7081e+02 2.1163e+02 2.6925e+02 2.3679e+02 2.4174e+02 2.2979e+02 2.4876e+02
  71.2500 2.3465e+02 2.0591e+02 2.6553e+02 2.0757e+02 2.6399e+02 2.3222e+02 2.3705e+02 2.2534e+02 2.4396e+02
  71.5000 2.3012e+02 2.0196e+02 2.6036e+02 2.0359e+02 2.5885e+02 2.2774e+02 2.3247e+02 2.2098e+02 2.3926e+02
  71.7500 2.2569e+02 1.9810e+02 2.5530e+02 1.9971e+02 2.5382e+02 2.2337e+02 2.2799e+02 2.1672e+02 2.3466e+02
  72.0000 2.2136e+02 1.9433e+02 2.5036e+02 1.9590e+02 2.4890e+02 2.1909e+02 2.2361e+02 2.1255e+02 2.3016e+02
  72.2500 2.1713e+02 1.9063e+02 2.4553e+02 1.9218e+02 2.4409e+02 2.1490e+02 2.1932e+02 2.0848e+02 2.2577e+02
  72.5000 2.1298e+02 1.8702e+02 2.4080e+02 1.8854e+02 2.3939e+02 2.1081e+02 2.1513e+02 2.0449e+02 2.2147e+02
  72.7500 2.0893e+02 1.8349e+02 2.3618e+02 1.8498e+02 2.3479e+02 2.0680e+02 2.1103e+02 2.0059e+02 2.1726e+02
  73.0000 2.0497e+02 1.8003e+02 2.3166e+02 1.8150e+02 2.3029e+02 2.0288e+02 2.0702e+02 1.9678e+02 2.1315e+02
  73.2500 2.0109e+02 1.7664e+02 2.2724e+02 1.7809e+02 2.2589e+02 1.9905e+02 2.0310e+02 1.9305e+02 2.0912e+02
  73.5000 1.9729e+02 1.7333e+02 2.2292e+02 1.7476e+02 2.2159e+02 1.9530e+02 1.9926e+02 1.8940e+02 2.0519e+02
  73.7500 1.9358e+02 1.7009e+02 2.1869e+02 1.7150e+02 2.1738e+02 1.9163e+02 1.9551e+02 1.8583e+02 2.0134e+02
  74.0000 1.8995e+02 1.6692e+02 2.1455e+02 1.6830e+02 2.1326e+02 1.8804e+02 1.9184e+02 1.8233e+02 1.9757e+02
  74.2500 1.8640e+02 1.6382e+02 2.1050e+02 1.6518e+02 2.0924e+02 1.8453e+02 1.8824e+02 1.7891e+02 1.9388e+02
  74.5000 1.8292e+02 1.6078e+02 2.0654e+02 1.6212e+02 2.0529e+02 1.8109e+02 1.8472e+02 1.7556e+02 1.9027e+02
  74.7500 1.7951e+02 1.5781e+02 2.0266e+02 1.5913e+02 2.0144e+02 1.7773e+02 1.8128e+02 1.7229e+02 1.8674e+02
  75.0000 1.7618e+02 1.5490e+02 1.9887e+02 1.5620e+02 1.9766e+02 1.7443e+02 1.7791e+02 1.6908e+02 1.8328e+02
  75.2500 1.7292e+02 1.5205e+02 1.9516e+02 1.5333e+02 1.9397e+02 1.7121e+02 1.7462e+02 1.6594e+02 1.7990e+02
  75.5000 1.6973e+02 1.4926e+02 1.9153e+02 1.5052e+02 1.9035e+02 1.6805e+02 1.7139e+02 1.6287e+02 1.7659e+02
  75.7500 1.6661e+02 1.4653e+02 1.8797e+02 1.4777e+02 1.8682e+02 1.6497e+02 1.6823e+02 1.5987e+02 1.7335e+02
  76.0000 1.6355e+02 1.4386e+02 1.8449e+02 1.4508e+02 1.8335e+02 1.6194e+02 1.6514e+02 1.5692e+02 1.7017e+02
  76.2500 1.6055e+02 1.4124e+02 1.8109e+02 1.4244e+02 1.7997e+02 1.5898e+02 1.6211e+02 1.5404e+02 1.6707e+02
  76.5000 1.5762e+02 1.3868e+02 1.7776e+02 1.3987e+02 1.7665e+02 1.5608e+02 1.5915e+02 1.5122e+02 1.6403e+02
  76.7500 1.5475e+02 1.3617e+02 1.7449e+02 1.3734e+02 1.7340e+02 1.5324e+02 1.5625e+02 1.4845e+02 1.6105e+02
  77.0000 1.5194e+02 1.3371e+02 1.7130e+02 1.3486e+02 1.7022e+02 1.5046e+02 1.5340e+02 1.4575e+02 1.5813e+02
  77.2500 1.4919e+02 1.3131e+02 1.6817e+02 1.3244e+02 1.6711e+02 1.4774e+02 1.5062e+02 1.4310e+02 1.5528e+02
  77.5000 1.4650e+02 1.2895e+02 1.6511e+02 1.3006e+02 1.6407e+02 1.4508e+02 1.4790e+02 1.4051e+02 1.5248e+02
  77.7500 1.4386e+02 1.2664e+02 1.6211e+02 1.2774e+02 1.6108e+02 1.4247e+02 1.4523e+02 1.3797e+02 1.4975e+02
  78.0000 1.4127e+02 1.2438e+02 1.5918e+02 1.2546e+02 1.5816e+02 1.3991e+02 1.4262e+02 1.3548e+02 1.4706e+02
  78.2500 1.3874e+02 1.2216e+02 1.5631e+02 1.2323e+02 1.5530e+02 1.3741e+02 1.4006e+02 1.3304e+02 1.4444e+02
  78.5000 1.3626e+02 1.1999e+02 1.5349e+02 1.2104e+02 1.5250e+02 1.3495e+02 1.3755e+02 1.3065e+02 1.4187e+02
  78.7500 1.3383e+02 1.1786e+02 1.5073e+02 1.1890e+02 1.4976e+02 1.3255e+02 1.3510e+02 1.2831e+02 1.3934e+02
  79.0000 1.3145e+02 1.1578e+02 1.4803e+02 1.1680e+02 1.4707e+02 1.3020e+02 1.3269e+02 1.2602e+02 1.3688e+02
  79.2500 1.2912e+02 1.1373e+02 1.4539e+02 1.1474e+02 1.4444e+02 1.2789e+02 1.3034e+02 1.2378e+02 1.3446e+02
  79.5000 1.2683e+02 1.1173e+02 1.4280e+02 1.1273e+02 1.4186e+02 1.2563e+02 1.2803e+02 1.2158e+02 1.3209e+02
  79.7500 1.2460e+02 1.0977e+02 1.4026e+02 1.1075e+02 1.3934e+02 1.2342e+02 1.2577e+02 1.1943e+02 1.2977e+02
  80.0000 1.2240e+02 1.0785e+02 1.3778e+02 1.0882e+02 1.3687e+02 1.2125e+02 1.2355e+02 1.1731e+02 1.2749e+02
  80.2500 1.2026e+02 1.0597e+02 1.3534e+02 1.0692e+02 1.3444e+02 1.1912e+02 1.2138e+02 1.1525e+02 1.2526e+02
  80.5000 1.1815e+02 1.0412e+02 1.3296e+02 1.0506e+02 1.3207e+02 1.1704e+02 1.1925e+02 1.1322e+02 1.2308e+02
  80.7500 1.1609e+02 1.0231e+02 1.3062e+02 1.0324e+02 1.2974e+02 1.1500e+02 1.1717e+02 1.1123e+02 1.2094e+02
  81.0000 1.1406e+02 1.0054e+02 1.2833e+02 1.0145e+02 1.2746e+02 1.1300e+02 1.1512e+02 1.0929e+02 1.1884e+02
  81.2500 1.1208e+02 9.8799e+01 1.2609e+02 9.9704e+01 1.2523e+02 1.1104e+02 1.1312e+02 1.0738e+02 1.1679e+02
  81.5000 1.1014e+02 9.7095e+01 1.2389e+02 9.7987e+01 1.2304e+02 1.0911e+02 1.1116e+02 1.0551e+02 1.1477e+02
  81.7500 1.0824e+02 9.5424e+01 1.2173e+02 9.6305e+01 1.2090e+02 1.0723e+02 1.0923e+02 1.0368e+02 1.1280e+02
  82.0000 1.0637e+02 9.3786e+01 1.1962e+02 9.4656e+01 1.1880e+02 1.0538e+02 1.0735e+02 1.0188e+02 1.1086e+02
  82.2500 1.0454e+02 9.2180e+01 1.1755e+02 9.3038e+01 1.1674e+02 1.0357e+02 1.0550e+02 1.0012e+02 1.0896e+02
  82.5000 1.0275e+02 9.0605e+01 1.1552e+02 9.1453e+01 1.1472e+02 1.0180e+02 1.0369e+02 9.8392e+01 1.0710e+02
  82.7500 1.0099e+02 8.9061e+01 1.1353e+02 8.9898e+01 1.1274e+02 1.0006e+02 1.0191e+02 9.6699e+01 1.0528e+02
  83.0000 9.9264e+01 8.7547e+01 1.1158e+02 8.8373e+01 1.1080e+02 9.8351e+01 1.0017e+02 9.5040e+01 1.0349e+02
  83.2500 9.7574e+01 8.6062e+01 1.0967e+02 8.6878e+01 1.0889e+02 9.6678e+01 9.8462e+01 9.3412e+01 1.0173e+02
  83.5000 9.5916e+01 8.4606e+01 1.0779e+02 8.5412e+01 1.0703e+02 9.5038e+01 9.6788e+01 9.1817e+01 1.0002e+02
  83.7500 9.4291e+01 8.3178e+01 1.0596e+02 8.3974e+01 1.0520e+02 9.3429e+01 9.5146e+01 9.0252e+01 9.8329e+01
  84.0000 9.2697e+01 8.1777e+01 1.0416e+02 8.2564e+01 1.0341e+02 9.1851e+01 9.3536e+01 8.8718e+01 9.6676e+01
  84.2500 9.1134e+01 8.0404e+01 1.0239e+02 8.1180e+01 1.0165e+02 9.0304e+01 9.1957e+01 8.7213e+01 9.5054e+01
  84.5000 8.9601e+01 7.9056e+01 1.0066e+02 7.9823e+01 9.9929e+01 8.8787e+01 9.0408e+01 8.5738e+01 9.3463e+01
  84.7500 8.8097e+01 7.7735e+01 9.8959e+01 7.8492e+01 9.8240e+01 8.7298e+01 8.8890e+01 8.4290e+01 9.1903e+01
  85.0000 8.6622e+01 7.6438e+01 9.7294e+01 7.7187e+01 9.6582e+01 8.5838e+01 8.7400e+01 8.2871e+01 9.0374e+01
  85.2500 8.5176e+01 7.5166e+01 9.5660e+01 7.5906e+01 9.4957e+01 8.4406e+01 8.5939e+01 8.1478e+01 8.8873e+01
  85.5000 8.3757e+01 7.3918e+01 9.4058e+01 7.4649e+01 9.3363e+01 8.3001e+01 8.4506e+01 8.0113e+01 8.7400e+01
  85.7500 8.2365e+01 7.2694e+01 9.2487e+01 7.3416e+01 9.1799e+01 8.1623e+01 8.3100e+01 7.8773e+01 8.5956e+01
  86.0000 8.0999e+01 7.1492e+01 9.0945e+01 7.2206e+01 9.0266e+01 8.0271e+01 8.1721e+01 7.7458e+01 8.4539e+01
  86.2500 7.9659e+01 7.0314e+01 8.9433e+01 7.1019e+01 8.8761e+01 7.8945e+01 8.0368e+01 7.6169e+01 8.3149e+01
  86.5000 7.8344e+01 6.9157e+01 8.7950e+01 6.9855e+01 8.7286e+01 7.7644e+01 7.9040e+01 7.4904e+01 8.1785e+01
  86.7500 7.7055e+01 6.8022e+01 8.6495e+01 6.8712e+01 8.5838e+01 7.6367e+01 7.7738e+01 7.3662e+01 8.0447e+01
  87.0000 7.5789e+01 6.6909e+01 8.5067e+01 6.7590e+01 8.4418e+01 7.5114e+01 7.6460e+01 7.2444e+01 7.9134e+01
  87.2500 7.4547e+01 6.5816e+01 8.3667e+01 6.6490e+01 8.3024e+01 7.3884e+01 7.5206e+01 7.1249e+01 7.7845e+01
  87.5000 7.3329e+01 6.4743e+01 8.2293e+01 6.5409e+01 8.1657e+01 7.2677e+01 7.3975e+01 7.0077e+01 7.6581e+01
  87.7500 7.2133e+01 6.3690e+01 8.0944e+01 6.4349e+01 8.0315e+01 7.1493e+01 7.2768e+01 6.8926e+01 7.5340e+01
  88.0000 7.0959e+01 6.2657e+01 7.9621e+01 6.3308e+01 7.8999e+01 7.0331e+01 7.1583e+01 6.7796e+01 7.4122e+01
  88.2500 6.9807e+01 6.1642e+01 7.8323e+01 6.2287e+01 7.7707e+01 6.9191e+01 7.0419e+01 6.6688e+01 7.2926e+01
  88.5000 6.8677e+01 6.0647e+01 7.7048e+01 6.1284e+01 7.6439e+01 6.8071e+01 6.9278e+01 6.5600e+01 7.1753e+01
  88.7500 6.7567e+01 5.9669e+01 7.5798e+01 6.0300e+01 7.5195e+01 6.6972e+01 6.8158e+01 6.4532e+01 7.0601e+01
  89.0000 6.6478e+01 5.8710e+01 7.4571e+01 5.9334e+01 7.3974e+01 6.5893e+01 6.7058e+01 6.3484e+01 6.9471e+01
  89.2500 6.5408e+01 5.7768e+01 7.3366e+01 5.8385e+01 7.2776e+01 6.4835e+01 6.5978e+01 6.2455e+01 6.8361e+01
  89.5000 6.4359e+01 5.6843e+01 7.2183e+01 5.7454e+01 7.1599e+01 6.3795e+01 6.4918e+01 6.1445e+01 6.7272e+01
  89.7500 6.3328e+01 5.5935e+01 7.1023e+01 5.6539e+01 7.0445e+01 6.2774e+01 6.3878e+01 6.0454e+01 6.6202e+01
  90.0000 6.2316e+01 5.5044e+01 6.9883e+01 5.5642e+01 6.9311e+01 6.1773e+01 6.2857e+01 5.9481e+01 6.5152e+01
  90.2500 6.1323e+01 5.4169e+01 6.8765e+01 5.4760e+01 6.8198e+01 6.0789e+01 6.1854e+01 5.8525e+01 6.4121e+01
  90.5000 6.0348e+01 5.3309e+01 6.7667e+01 5.3894e+01 6.7106e+01 5.9823e+01 6.0869e+01 5.7587e+01 6.3109e+01
  90.7500 5.9390e+01 5.2465e+01 6.6589e+01 5.3044e+01 6.6034e+01 5.8874e+01 5.9903e+01 5.6666e+01 6.2115e+01
  91.0000 5.8450e+01 5.1636e+01 6.5530e+01 5.2210e+01 6.4980e+01 5.7943e+01 5.8953e+01 5.5761e+01 6.1139e+01
  91.2500 5.7526e+01 5.0822e+01 6.4491e+01 5.1390e+01 6.3947e+01 5.7029e+01 5.8021e+01 5.4873e+01 6.0180e+01
  91.5000 5.6620e+01 5.0023e+01 6.3470e+01 5.0585e+01 6.2931e+01 5.6130e+01 5.7106e+01 5.4001e+01 5.9239e+01
  91.7500 5.5729e+01 4.9238e+01 6.2468e+01 4.9794e+01 6.1934e+01 5.5248e+01 5.6207e+01 5.3144e+01 5.8314e+01
  92.0000 5.4855e+01 4.8466e+01 6.1484e+01 4.9017e+01 6.0955e+01 5.4382e+01 5.5324e+01 5.2303e+01 5.7406e+01
  92.2500 5.3996e+01 4.7709e+01 6.0518e+01 4.8254e+01 5.9994e+01 5.3531e+01 5.4457e+01 5.1477e+01 5.6514e+01
  92.5000 5.3152e+01 4.6965e+01 5.9569e+01 4.7505e+01 5.9050e+01 5.2696e+01 5.3606e+01 5.0666e+01 5.5638e+01
  92.7500 5.2323e+01 4.6234e+01 5.8636e+01 4.6769e+01 5.8123e+01 5.1875e+01 5.2769e+01 4.9869e+01 5.4778e+01
  93.0000 5.1509e+01 4.5516e+01 5.7721e+01 4.6046e+01 5.7212e+01 5.1068e+01 5.1948e+01 4.9086e+01 5.3932e+01
  93.2500 5.0710e+01 4.4811e+01 5.6821e+01 4.5335e+01 5.6317e+01 5.0276e+01 5.1141e+01 4.8317e+01 5.3102e+01
  93.5000 4.9924e+01 4.4118e+01 5.5938e+01 4.4637e+01 5.5439e+01 4.9498e+01 5.0348e+01 4.7562e+01 5.2286e+01
  93.7500 4.9153e+01 4.3437e+01 5.5071e+01 4.3952e+01 5.4576e+01 4.8734e+01 4.9569e+01 4.6820e+01 5.1485e+01
  94.0000 4.8395e+01 4.2768e+01 5.4219e+01 4.3278e+01 5.3728e+01 4.7983e+01 4.8804e+01 4.6091e+01 5.0698e+01
  94.2500 4.7650e+01 4.2111e+01 5.3381e+01 4.2616e+01 5.2895e+01 4.7245e+01 4.8053e+01 4.5376e+01 4.9924e+01
  94.5000 4.6918e+01 4.1465e+01 5.2559e+01 4.1965e+01 5.2078e+01 4.6520e+01 4.7314e+01 4.4672e+01 4.9164e+01
  94.7500 4.6200e+01 4.0831e+01 5.1751e+01 4.1326e+01 5.1274e+01 4.5808e+01 4.6589e+01 4.3981e+01 4.8417e+01
  95.0000 4.5493e+01 4.0208e+01 5.0958e+01 4.0698e+01 5.0485e+01 4.5109e+01 4.5876e+01 4.3303e+01 4.7684e+01
  95.2500 4.4799e+01 3.9595e+01 5.0178e+01 4.0081e+01 4.9709e+01 4.4421e+01 4.5176e+01 4.2636e+01 4.6963e+01
  95.5000 4.4117e+01 3.8993e+01 4.9412e+01 3.9475e+01 4.8948e+01 4.3745e+01 4.4488e+01 4.1980e+01 4.6254e+01
  95.7500 4.3447e+01 3.8401e+01 4.8659e+01 3.8879e+01 4.8199e+01 4.3081e+01 4.3812e+01 4.1337e+01 4.5558e+01
  96.0000 4.2789e+01 3.7820e+01 4.7920e+01 3.8293e+01 4.7464e+01 4.2429e+01 4.3147e+01 4.0704e+01 4.4874e+01
  96.2500 4.2142e+01 3.7248e+01 4.7193e+01 3.7717e+01 4.6741e+01 4.1788e+01 4.2494e+01 4.0082e+01 4.4201e+01
  96.5000 4.1506e+01 3.6687e+01 4.6479e+01 3.7151e+01 4.6031e+01 4.1158e+01 4.1852e+01 3.9471e+01 4.3540e+01
  96.7500 4.0881e+01 3.6135e+01 4.5778e+01 3.6595e+01 4.5333e+01 4.0538e+01 4.1222e+01 3.8871e+01 4.2890e+01
  97.0000 4.0266e+01 3.5592e+01 4.5088e+01 3.6048e+01 4.4647e+01 3.9930e+01 4.0602e+01 3.8281e+01 4.2252e+01
  97.2500 3.9663e+01 3.5059e+01 4.4410e+01 3.5511e+01 4.3973e+01 3.9331e+01 3.9992e+01 3.7701e+01 4.1624e+01
  97.5000 3.9069e+01 3.4534e+01 4.3744e+01 3.4982e+01 4.3311e+01 3.8743e+01 3.9394e+01 3.7131e+01 4.1007e+01
  97.7500 3.8486e+01 3.4019e+01 4.3089e+01 3.4463e+01 4.2660e+01 3.8165e+01 3.8805e+01 3.6571e+01 4.0401e+01
  98.0000 3.7912e+01 3.3512e+01 4.2446e+01 3.3952e+01 4.2020e+01 3.7597e+01 3.8226e+01 3.6020e+01 3.9804e+01
  98.2500 3.7349e+01 3.3014e+01 4.1814e+01 3.3450e+01 4.1392e+01 3.7038e+01 3.7658e+01 3.5479e+01 3.9218e+01
  98.5000 3.6794e+01 3.2524e+01 4.1192e+01 3.2956e+01 4.0773e+01 3.6489e+01 3.7099e+01 3.4947e+01 3.8642e+01
  98.7500 3.6250e+01 3.2043e+01 4.0581e+01 3.2471e+01 4.0166e+01 3.5949e+01 3.6549e+01 3.4424e+01 3.8075e+01
  99.0000 3.5714e+01 3.1569e+01 3.9980e+01 3.1994e+01 3.9569e+01 3.5419e+01 3.6008e+01 3.3910e+01 3.7518e+01
  99.2500 3.5187e+01 3.1104e+01 3.9389e+01 3.1525e+01 3.8981e+01 3.4897e+01 3.5477e+01 3.3404e+01 3.6970e+01
  99.5000 3.4670e+01 3.0646e+01 3.8809e+01 3.1063e+01 3.8404e+01 3.4383e+01 3.4955e+01 3.2907e+01 3.6432e+01
  99.7500 3.4160e+01 3.0196e+01 3.8238e+01 3.0610e+01 3.7837e+01 3.3879e+01 3.4441e+01 3.2419e+01 3.5902e+01
 100.0000 3.3660e+01 2.9753e+01 3.7677e+01 3.0164e+01 3.7279e+01 3.3383e+01 3.3936e+01 3.1939e+01 3.5381e+01