   0.0000 0.0000e+00 0.0000e+00 0.0000e+00 0.0000e+00 0.0000e+00 0.0000e+00 0.0000e+00 0.0000e+00 0.0000e+00
   0.2500 2.0610e+06 9.4632e+05 3.2552e+06 1.0626e+06 3.1006e+06 1.6690e+06 2.5644e+06 1.7577e+06 2.3644e+06
   0.5000 3.9736e+06 1.8497e+06 6.2230e+06 2.0746e+06 5.9206e+06 3.2216e+06 4.9377e+06 3.3911e+06 4.5561e+06
   0.7500 5.7311e+06 2.7024e+06 8.9072e+06 3.0259e+06 8.4696e+06 4.6566e+06 7.1050e+06 4.8942e+06 6.5680e+06
   1.0000 7.2929e+06 3.4878e+06 1.1245e+07 3.8969e+06 1.0689e+07 5.9430e+06 9.0128e+06 6.2329e+06 8.3529e+06
   1.2500 8.6290e+06 4.1924e+06 1.3196e+07 4.6723e+06 1.2543e+07 7.0560e+06 1.0625e+07 7.3826e+06 9.8754e+06
   1.5000 9.7276e+06 4.8074e+06 1.4756e+07 5.3427e+06 1.4028e+07 7.9846e+06 1.1929e+07 8.3338e+06 1.1122e+07
   1.7500 1.0591e+07 5.3287e+06 1.5945e+07 5.9040e+06 1.5166e+07 8.7287e+06 1.2932e+07 9.0888e+06 1.2093e+07
   2.0000 1.1229e+07 5.7543e+06 1.6794e+07 6.3556e+06 1.5987e+07 9.2935e+06 1.3649e+07 9.6560e+06 1.2802e+07
   2.2500 1.1658e+07 6.0859e+06 1.7338e+07 6.7000e+06 1.6524e+07 9.6895e+06 1.4106e+07 1.0048e+07 1.3268e+07
   2.5000 1.1897e+07 6.3278e+06 1.7612e+07 6.9428e+06 1.6811e+07 9.9321e+06 1.4328e+07 1.0281e+07 1.3513e+07
   2.7500 1.1968e+07 6.4846e+06 1.7653e+07 7.0905e+06 1.6880e+07 1.0037e+07 1.4345e+07 1.0372e+07 1.3565e+07
   3.0000 1.1895e+07 6.5635e+06 1.7495e+07 7.1521e+06 1.6761e+07 1.0022e+07 1.4188e+07 1.0338e+07 1.3451e+07
   3.2500 1.1699e+07 6.5720e+06 1.7169e+07 7.1370e+06 1.6484e+07 9.9035e+06 1.3885e+07 1.0199e+07 1.3199e+07
   3.5000 1.1404e+07 6.5181e+06 1.6707e+07 7.0548e+06 1.6075e+07 9.6991e+06 1.3467e+07 9.9725e+06 1.2836e+07
   3.7500 1.1030e+07 6.4111e+06 1.6136e+07 6.9165e+06 1.5559e+07 9.4244e+06 1.2959e+07 9.6746e+06 1.2385e+07
   4.0000 1.0595e+07 6.2600e+06 1.5482e+07 6.7326e+06 1.4959e+07 9.0941e+06 1.2386e+07 9.3206e+06 1.1869e+07
   4.2500 1.0116e+07 6.0733e+06 1.4767e+07 6.5125e+06 1.4297e+07 8.7228e+06 1.1769e+07 8.9254e+06 1.1307e+07
   4.5000 9.6094e+06 5.8587e+06 1.4014e+07 6.2646e+06 1.3593e+07 8.3233e+06 1.1126e+07 8.5021e+06 1.0717e+07
   4.7500 9.0875e+06 5.6240e+06 1.3239e+07 5.9975e+06 1.2864e+07 7.9058e+06 1.0473e+07 8.0620e+06 1.0113e+07
   5.0000 8.5615e+06 5.3761e+06 1.2459e+07 5.7187e+06 1.2126e+07 7.4802e+06 9.8227e+06 7.6148e+06 9.5083e+06
   5.2500 8.0400e+06 5.1204e+06 1.1687e+07 5.4340e+06 1.1391e+07 7.0537e+06 9.1842e+06 7.1683e+06 8.9116e+06
   5.5000 7.5298e+06 4.8618e+06 1.0931e+07 5.1482e+06 1.0669e+07 6.6327e+06 8.5655e+06 6.7291e+06 8.3306e+06
   5.7500 7.0362e+06 4.6036e+06 1.0201e+07 4.8648e+06 9.9688e+06 6.2217e+06 7.9720e+06 6.3017e+06 7.7708e+06
   6.0000 6.5629e+06 4.3486e+06 9.5008e+06 4.5867e+06 9.2951e+06 5.8246e+06 7.4074e+06 5.8900e+06 7.2358e+06
   6.2500 6.1123e+06 4.0991e+06 8.8345e+06 4.3160e+06 8.6522e+06 5.4437e+06 6.8736e+06 5.4964e+06 6.7282e+06
   6.5000 5.6859e+06 3.8571e+06 8.2044e+06 4.0546e+06 8.0427e+06 5.0810e+06 6.3720e+06 5.1225e+06 6.2493e+06
   6.7500 5.2844e+06 3.6240e+06 7.6115e+06 3.8038e+06 7.4680e+06 4.7373e+06 5.9026e+06 4.7691e+06 5.7996e+06
   7.0000 4.9079e+06 3.4004e+06 7.0561e+06 3.5642e+06 6.9284e+06 4.4132e+06 5.4649e+06 4.4367e+06 5.3791e+06
   7.2500 4.5561e+06 3.1872e+06 6.5376e+06 3.3363e+06 6.4239e+06 4.1087e+06 5.0582e+06 4.1252e+06 4.9870e+06
   7.5000 4.2283e+06 2.9859e+06 6.0551e+06 3.1218e+06 5.9536e+06 3.8236e+06 4.6811e+06 3.8341e+06 4.6225e+06
   7.7500 3.9236e+06 2.7966e+06 5.6070e+06 2.9207e+06 5.5163e+06 3.5572e+06 4.3323e+06 3.5628e+06 4.2843e+06
   8.0000 3.6407e+06 2.6178e+06 5.1917e+06 2.7312e+06 5.1105e+06 3.3090e+06 4.0099e+06 3.3104e+06 3.9710e+06
   8.2500 3.3786e+06 2.4435e+06 4.8074e+06 2.5464e+06 4.7346e+06 3.0780e+06 3.7124e+06 3.0760e+06 3.6812e+06
   8.5000 3.1360e+06 2.2737e+06 4.4523e+06 2.3664e+06 4.3868e+06 2.8634e+06 3.4380e+06 2.8586e+06 3.4134e+06
   8.7500 2.9117e+06 2.1163e+06 4.1245e+06 2.1999e+06 4.0655e+06 2.6642e+06 3.1851e+06 2.6572e+06 3.1662e+06
   9.0000 2.7043e+06 1.9704e+06 3.8220e+06 2.0459e+06 3.7688e+06 2.4795e+06 2.9522e+06 2.4707e+06 2.9380e+06
   9.2500 2.5128e+06 1.8352e+06 3.5430e+06 1.9035e+06 3.4950e+06 2.3084e+06 2.7378e+06 2.2980e+06 2.7275e+06
   9.5000 2.3359e+06 1.7101e+06 3.2859e+06 1.7720e+06 3.2424e+06 2.1498e+06 2.5403e+06 2.1384e+06 2.5334e+06
   9.7500 2.1725e+06 1.5942e+06 3.0490e+06 1.6504e+06 3.0095e+06 2.0030e+06 2.3584e+06 1.9907e+06 2.3544e+06
  10.0000 2.0216e+06 1.4869e+06 2.8305e+06 1.5380e+06 2.7947e+06 1.8670e+06 2.1909e+06 1.8541e+06 2.1892e+06
  10.2500 1.8823e+06 1.3876e+06 2.6291e+06 1.4340e+06 2.5965e+06 1.7410e+06 2.0366e+06 1.7278e+06 2.0368e+06
  10.5000 1.7535e+06 1.2956e+06 2.4435e+06 1.3379e+06 2.4137e+06 1.6244e+06 1.8943e+06 1.6109e+06 1.8961e+06
  10.7500 1.6345e+06 1.2104e+06 2.2723e+06 1.2490e+06 2.2451e+06 1.5164e+06 1.7631e+06 1.5028e+06 1.7662e+06
  11.0000 1.5246e+06 1.1314e+06 2.1143e+06 1.1668e+06 2.0895e+06 1.4164e+06 1.6422e+06 1.4028e+06 1.6463e+06
  11.2500 1.4229e+06 1.0583e+06 1.9687e+06 1.0906e+06 1.9460e+06 1.3238e+06 1.5306e+06 1.3102e+06 1.5356e+06
  11.5000 1.3289e+06 9.9053e+05 1.8343e+06 1.0202e+06 1.8135e+06 1.2379e+06 1.4276e+06 1.2246e+06 1.4333e+06
  11.7500 1.2420e+06 9.2769e+05 1.7103e+06 9.5488e+05 1.6912e+06 1.1584e+06 1.3325e+06 1.1452e+06 1.3387e+06
  12.0000 1.1615e+06 8.6936e+05 1.5957e+06 8.9434e+05 1.5781e+06 1.0846e+06 1.2445e+06 1.0717e+06 1.2512e+06
  12.2500 1.0868e+06 8.1515e+05 1.4896e+06 8.3813e+05 1.4735e+06 1.0160e+06 1.1631e+06 1.0034e+06 1.1702e+06
  12.5000 1.0175e+06 7.6476e+05 1.3915e+06 7.8592e+05 1.3766e+06 9.5236e+05 1.0878e+06 9.4008e+05 1.0950e+06
  12.7500 9.5327e+05 7.1789e+05 1.3007e+06 7.3740e+05 1.2869e+06 8.9317e+05 1.0179e+06 8.8121e+05 1.0253e+06
  13.0000 8.9360e+05 6.7430e+05 1.2165e+06 6.9231e+05 1.2038e+06 8.3814e+05 9.5317e+05 8.2652e+05 9.6067e+05
  13.2500 8.3818e+05 6.3372e+05 1.1385e+06 6.5036e+05 1.1267e+06 7.8697e+05 8.9313e+05 7.7569e+05 9.0067e+05
  13.5000 7.8669e+05 5.9595e+05 1.0662e+06 6.1134e+05 1.0553e+06 7.3935e+05 8.3741e+05 7.2842e+05 8.4495e+05
  13.7500 7.3882e+05 5.6077e+05 9.9903e+05 5.7502e+05 9.8894e+05 6.9504e+05 7.8569e+05 6.8446e+05 7.9319e+05
  14.0000 6.9432e+05 5.2799e+05 9.3673e+05 5.4120e+05 9.2736e+05 6.5378e+05 7.3766e+05 6.4354e+05 7.4509e+05
  14.2500 6.5291e+05 4.9744e+05 8.7888e+05 5.0970e+05 8.7016e+05 6.1535e+05 6.9303e+05 6.0546e+05 7.0036e+05
  14.5000 6.1438e+05 4.6895e+05 8.2512e+05 4.8034e+05 8.1702e+05 5.7954e+05 6.5153e+05 5.7000e+05 6.5876e+05
  14.7500 5.7844e+05 4.4232e+05 7.7512e+05 4.5291e+05 7.6758e+05 5.4611e+05 6.1288e+05 5.3690e+05 6.1998e+05
  15.0000 5.4490e+05 4.1743e+05 7.2859e+05 4.2728e+05 7.2156e+05 5.1487e+05 5.7684e+05 5.0599e+05 5.8380e+05
  15.2500 5.1358e+05 3.9413e+05 6.8525e+05 4.0331e+05 6.7869e+05 4.8568e+05 5.4323e+05 4.7712e+05 5.5004e+05
  15.5000 4.8432e+05 3.7232e+05 6.4486e+05 3.8087e+05 6.3874e+05 4.5837e+05 5.1186e+05 4.5012e+05 5.1851e+05
  15.7500 4.5696e+05 3.5190e+05 6.0719e+05 3.5988e+05 6.0148e+05 4.3282e+05 4.8257e+05 4.2487e+05 4.8906e+05
  16.0000 4.3138e+05 3.3276e+05 5.7204e+05 3.4021e+05 5.6670e+05 4.0890e+05 4.5520e+05 4.0124e+05 4.6152e+05
  16.2500 4.0744e+05 3.1482e+05 5.3922e+05 3.2178e+05 5.3422e+05 3.8649e+05 4.2960e+05 3.7912e+05 4.3576e+05
  16.5000 3.8503e+05 2.9799e+05 5.0856e+05 3.0450e+05 5.0388e+05 3.6550e+05 4.0567e+05 3.5840e+05 4.1165e+05
  16.7500 3.6403e+05 2.8220e+05 4.7990e+05 2.8829e+05 4.7551e+05 3.4581e+05 3.8327e+05 3.3898e+05 3.8908e+05
  17.0000 3.4436e+05 2.6738e+05 4.5309e+05 2.7308e+05 4.4897e+05 3.2735e+05 3.6230e+05 3.2078e+05 3.6794e+05
  17.2500 3.2591e+05 2.5346e+05 4.2799e+05 2.5881e+05 4.2413e+05 3.1002e+05 3.4265e+05 3.0370e+05 3.4812e+05
  17.5000 3.0861e+05 2.4039e+05 4.0450e+05 2.4540e+05 4.0087e+05 2.9376e+05 3.2424e+05 2.8768e+05 3.2954e+05
  17.7500 2.9237e+05 2.2810e+05 3.8248e+05 2.3280e+05 3.7907e+05 2.7848e+05 3.0697e+05 2.7263e+05 3.1211e+05
  18.0000 2.7712e+05 2.1653e+05 3.6185e+05 2.2095e+05 3.5864e+05 2.6412e+05 2.9077e+05 2.5850e+05 2.9574e+05
  18.2500 2.6279e+05 2.0565e+05 3.4250e+05 2.0980e+05 3.3948e+05 2.5062e+05 2.7556e+05 2.4521e+05 2.8037e+05
  18.5000 2.4932e+05 1.9540e+05 3.2434e+05 1.9930e+05 3.2150e+05 2.3792e+05 2.6127e+05 2.3271e+05 2.6592e+05
  18.7500 2.3664e+05 1.8573e+05 3.0729e+05 1.8941e+05 3.0461e+05 2.2596e+05 2.4783e+05 2.2095e+05 2.5234e+05
  19.0000 2.2471e+05 1.7662e+05 2.9128e+05 1.8008e+05 2.8875e+05 2.1469e+05 2.3519e+05 2.0987e+05 2.3955e+05
  19.2500 2.1348e+05 1.6803e+05 2.7622e+05 1.7129e+05 2.7384e+05 2.0407e+05 2.2330e+05 1.9944e+05 2.2751e+05
  19.5000 2.0289e+05 1.5992e+05 2.6207e+05 1.6299e+05 2.5982e+05 1.9406e+05 2.1210e+05 1.8960e+05 2.1617e+05
  19.7500 1.9291e+05 1.5226e+05 2.4875e+05 1.5516e+05 2.4662e+05 1.8461e+05 2.0155e+05 1.8033e+05 2.0549e+05
  20.0000 1.8349e+05 1.4503e+05 2.3621e+05 1.4776e+05 2.3420e+05 1.7570e+05 1.9161e+05 1.7157e+05 1.9541e+05
  20.2500 1.7461e+05 1.3819e+05 2.2440e+05 1.4077e+05 2.2250e+05 1.6728e+05 1.8223e+05 1.6331e+05 1.8590e+05
  20.5000 1.6622e+05 1.3173e+05 2.1327e+05 1.3417e+05 2.1147e+05 1.5933e+05 1.7338e+05 1.5551e+05 1.7693e+05
  20.7500 1.5830e+05 1.2561e+05 2.0278e+05 1.2792e+05 2.0107e+05 1.5181e+05 1.6503e+05 1.4814e+05 1.6846e+05
  21.0000 1.5081e+05 1.1983e+05 1.9288e+05 1.2201e+05 1.9127e+05 1.4470e+05 1.5714e+05 1.4117e+05 1.6045e+05
  21.2500 1.4373e+05 1.1435e+05 1.8354e+05 1.1642e+05 1.8201e+05 1.3798e+05 1.4969e+05 1.3458e+05 1.5289e+05
  21.5000 1.3704e+05 1.0917e+05 1.7472e+05 1.1112e+05 1.7327e+05 1.3161e+05 1.4264e+05 1.2834e+05 1.4573e+05
  21.7500 1.3070e+05 1.0425e+05 1.6639e+05 1.0610e+05 1.6502e+05 1.2559e+05 1.3598e+05 1.2244e+05 1.3896e+05
  22.0000 1.2470e+05 9.9597e+04 1.5852e+05 1.0135e+05 1.5722e+05 1.1988e+05 1.2968e+05 1.1685e+05 1.3256e+05
  22.2500 1.1902e+05 9.5181e+04 1.5108e+05 9.6842e+04 1.4984e+05 1.1448e+05 1.2371e+05 1.1155e+05 1.2649e+05
  22.5000 1.1364e+05 9.0992e+04 1.4404e+05 9.2568e+04 1.4287e+05 1.0935e+05 1.1806e+05 1.0654e+05 1.2075e+05
  22.7500 1.0855e+05 8.7016e+04 1.3738e+05 8.8512e+04 1.3626e+05 1.0449e+05 1.1272e+05 1.0178e+05 1.1531e+05
  23.0000 1.0371e+05 8.3242e+04 1.3108e+05 8.4662e+04 1.3002e+05 9.9885e+04 1.0765e+05 9.7276e+04 1.1015e+05
  23.2500 9.9130e+04 7.9658e+04 1.2511e+05 8.1006e+04 1.2410e+05 9.5512e+04 1.0285e+05 9.2999e+04 1.0526e+05
  23.5000 9.4781e+04 7.6252e+04 1.1945e+05 7.7532e+04 1.1849e+05 9.1361e+04 9.8291e+04 8.8940e+04 1.0062e+05
  23.7500 9.0653e+04 7.3014e+04 1.1409e+05 7.4231e+04 1.1318e+05 8.7419e+04 9.3970e+04 8.5086e+04 9.6223e+04
  24.0000 8.6733e+04 6.9936e+04 1.0901e+05 7.1093e+04 1.0814e+05 8.3674e+04 8.9869e+04 8.1426e+04 9.2044e+04
  24.2500 8.3010e+04 6.7008e+04 1.0418e+05 6.8108e+04 1.0335e+05 8.0114e+04 8.5975e+04 7.7947e+04 8.8076e+04
  24.5000 7.9472e+04 6.4221e+04 9.9608e+04 6.5269e+04 9.8817e+04 7.6730e+04 8.2277e+04 7.4641e+04 8.4305e+04
  24.7500 7.6108e+04 6.1569e+04 9.5265e+04 6.2566e+04 9.4510e+04 7.3511e+04 7.8763e+04 7.1498e+04 8.0721e+04
  25.0000 7.2909e+04 5.9043e+04 9.1140e+04 5.9992e+04 9.0420e+04 7.0448e+04 7.5423e+04 6.8507e+04 7.7314e+04
  25.2500 6.9866e+04 5.6637e+04 8.7222e+04 5.7542e+04 8.6535e+04 6.7534e+04 7.2247e+04 6.5662e+04 7.4073e+04
  25.5000 6.6970e+04 5.4344e+04 8.3498e+04 5.5206e+04 8.2842e+04 6.4758e+04 6.9226e+04 6.2953e+04 7.0990e+04
  25.7500 6.4213e+04 5.2158e+04 7.9958e+04 5.2980e+04 7.9332e+04 6.2115e+04 6.6351e+04 6.0373e+04 6.8055e+04
  26.0000 6.1588e+04 5.0074e+04 7.6591e+04 5.0858e+04 7.5993e+04 5.9597e+04 6.3615e+04 5.7916e+04 6.5260e+04
  26.2500 5.9086e+04 4.8086e+04 7.3389e+04 4.8834e+04 7.2817e+04 5.7197e+04 6.1009e+04 5.5575e+04 6.2598e+04
  26.5000 5.6703e+04 4.6190e+04 7.0341e+04 4.6904e+04 6.9794e+04 5.4908e+04 5.8527e+04 5.3343e+04 6.0062e+04
  26.7500 5.4430e+04 4.4379e+04 6.7440e+04 4.5061e+04 6.6917e+04 5.2726e+04 5.6162e+04 5.1215e+04 5.7645e+04
  27.0000 5.2263e+04 4.2651e+04 6.4677e+04 4.3302e+04 6.4176e+04 5.0644e+04 5.3907e+04 4.9186e+04 5.5341e+04
  27.2500 5.0196e+04 4.1001e+04 6.2045e+04 4.1623e+04 6.1566e+04 4.8658e+04 5.1757e+04 4.7249e+04 5.3143e+04
  27.5000 4.8224e+04 3.9425e+04 5.9536e+04 4.0019e+04 5.9078e+04 4.6761e+04 4.9707e+04 4.5401e+04 5.1046e+04
  27.7500 4.6341e+04 3.7919e+04 5.7145e+04 3.8487e+04 5.6706e+04 4.4950e+04 4.7751e+04 4.3636e+04 4.9044e+04
  28.0000 4.4543e+04 3.6480e+04 5.4864e+04 3.7023e+04 5.4444e+04 4.3220e+04 4.5884e+04 4.1951e+04 4.7134e+04
  28.2500 4.2826e+04 3.5104e+04 5.2689e+04 3.5624e+04 5.2286e+04 4.1567e+04 4.4101e+04 4.0342e+04 4.5310e+04
  28.5000 4.1186e+04 3.3788e+04 5.0614e+04 3.4286e+04 5.0227e+04 3.9987e+04 4.2398e+04 3.8803e+04 4.3567e+04
  28.7500 3.9618e+04 3.2530e+04 4.8633e+04 3.3006e+04 4.8262e+04 3.8477e+04 4.0772e+04 3.7333e+04 4.1902e+04
  29.0000 3.8120e+04 3.1326e+04 4.6742e+04 3.1782e+04 4.6386e+04 3.7032e+04 3.9218e+04 3.5927e+04 4.0310e+04
  29.2500 3.6687e+04 3.0173e+04 4.4935e+04 3.0610e+04 4.4594e+04 3.5651e+04 3.7732e+04 3.4583e+04 3.8788e+04
  29.5000 3.5316e+04 2.9070e+04 4.3210e+04 2.9489e+04 4.2883e+04 3.4329e+04 3.6312e+04 3.3297e+04 3.7333e+04
  29.7500 3.4004e+04 2.8014e+04 4.1562e+04 2.8415e+04 4.1247e+04 3.3063e+04 3.4953e+04 3.2066e+04 3.5941e+04
  30.0000 3.2749e+04 2.7002e+04 3.9986e+04 2.7386e+04 3.9684e+04 3.1852e+04 3.3654e+04 3.0888e+04 3.4609e+04
  30.2500 3.1548e+04 2.6032e+04 3.8480e+04 2.6401e+04 3.8190e+04 3.0692e+04 3.2410e+04 2.9760e+04 3.3334e+04
  30.5000 3.0397e+04 2.5103e+04 3.7039e+04 2.5456e+04 3.6761e+04 2.9580e+04 3.1219e+04 2.8680e+04 3.2114e+04
  30.7500 2.9295e+04 2.4212e+04 3.5661e+04 2.4551e+04 3.5394e+04 2.8516e+04 3.0079e+04 2.7645e+04 3.0944e+04
  31.0000 2.8240e+04 2.3358e+04 3.4343e+04 2.3683e+04 3.4086e+04 2.7495e+04 2.8988e+04 2.6653e+04 2.9825e+04
  31.2500 2.7228e+04 2.2538e+04 3.3081e+04 2.2851e+04 3.2834e+04 2.6517e+04 2.7942e+04 2.5702e+04 2.8752e+04
  31.5000 2.6258e+04 2.1753e+04 3.1873e+04 2.2052e+04 3.1636e+04 2.5579e+04 2.6940e+04 2.4791e+04 2.7724e+04
  31.7500 2.5328e+04 2.0998e+04 3.0717e+04 2.1286e+04 3.0488e+04 2.4680e+04 2.5979e+04 2.3918e+04 2.6738e+04
  32.0000 2.4437e+04 2.0274e+04 2.9609e+04 2.0551e+04 2.9390e+04 2.3817e+04 2.5058e+04 2.3080e+04 2.5793e+04
  32.2500 2.3581e+04 1.9579e+04 2.8548e+04 1.9845e+04 2.8337e+04 2.2989e+04 2.4175e+04 2.2275e+04 2.4886e+04
  32.5000 2.2760e+04 1.8912e+04 2.7532e+04 1.9167e+04 2.7328e+04 2.2194e+04 2.3328e+04 2.1504e+04 2.4017e+04
  32.7500 2.1973e+04 1.8271e+04 2.6557e+04 1.8516e+04 2.6362e+04 2.1431e+04 2.2516e+04 2.0763e+04 2.3182e+04
  33.0000 2.1217e+04 1.7655e+04 2.5624e+04 1.7891e+04 2.5435e+04 2.0699e+04 2.1736e+04 2.0052e+04 2.2381e+04
  33.2500 2.0491e+04 1.7063e+04 2.4727e+04 1.7290e+04 2.4546e+04 1.9995e+04 2.0987e+04 1.9369e+04 2.1612e+04
  33.5000 1.9794e+04 1.6494e+04 2.3867e+04 1.6713e+04 2.3693e+04 1.9319e+04 2.0268e+04 1.8713e+04 2.0874e+04
  33.7500 1.9124e+04 1.5947e+04 2.3042e+04 1.6157e+04 2.2874e+04 1.8670e+04 1.9578e+04 1.8083e+04 2.0165e+04
  34.0000 1.8481e+04 1.5422e+04 2.2249e+04 1.5624e+04 2.2087e+04 1.8046e+04 1.8916e+04 1.7478e+04 1.9484e+04
  34.2500 1.7862e+04 1.4916e+04 2.1488e+04 1.5110e+04 2.1332e+04 1.7445e+04 1.8279e+04 1.6896e+04 1.8829e+04
  34.5000 1.7268e+04 1.4429e+04 2.0757e+04 1.4616e+04 2.0606e+04 1.6868e+04 1.7666e+04 1.6336e+04 1.8200e+04
  34.7500 1.6696e+04 1.3961e+04 2.0054e+04 1.4141e+04 1.9909e+04 1.6314e+04 1.7078e+04 1.5798e+04 1.7595e+04
  35.0000 1.6147e+04 1.3511e+04 1.9379e+04 1.3684e+04 1.9239e+04 1.5780e+04 1.6513e+04 1.5281e+04 1.7014e+04
  35.2500 1.5618e+04 1.3077e+04 1.8730e+04 1.3244e+04 1.8595e+04 1.5266e+04 1.5969e+04 1.4783e+04 1.6454e+04
  35.5000 1.5110e+04 1.2659e+04 1.8106e+04 1.2820e+04 1.7976e+04 1.4772e+04 1.5446e+04 1.4304e+04 1.5916e+04
  35.7500 1.4620e+04 1.2257e+04 1.7506e+04 1.2412e+04 1.7380e+04 1.4297e+04 1.4943e+04 1.3843e+04 1.5399e+04
  36.0000 1.4149e+04 1.1870e+04 1.6929e+04 1.2019e+04 1.6808e+04 1.3839e+04 1.4458e+04 1.3399e+04 1.4900e+04
  36.2500 1.3696e+04 1.1496e+04 1.6374e+04 1.1640e+04 1.6257e+04 1.3398e+04 1.3992e+04 1.2972e+04 1.4421e+04
  36.5000 1.3259e+04 1.1137e+04 1.5840e+04 1.1276e+04 1.5727e+04 1.2973e+04 1.3544e+04 1.2560e+04 1.3960e+04
  36.7500 1.2839e+04 1.0790e+04 1.5326e+04 1.0924e+04 1.5217e+04 1.2564e+04 1.3112e+04 1.2164e+04 1.3515e+04
  37.0000 1.2434e+04 1.0456e+04 1.4832e+04 1.0585e+04 1.4726e+04 1.2170e+04 1.2696e+04 1.1782e+04 1.3087e+04
  37.2500 1.2044e+04 1.0134e+04 1.4356e+04 1.0259e+04 1.4254e+04 1.1791e+04 1.2296e+04 1.1414e+04 1.2675e+04
  37.5000 1.1668e+04 9.8231e+03 1.3897e+04 9.9436e+03 1.3799e+04 1.1425e+04 1.1910e+04 1.1059e+04 1.2278e+04
  37.7500 1.1306e+04 9.5235e+03 1.3456e+04 9.6397e+03 1.3361e+04 1.1072e+04 1.1538e+04 1.0718e+04 1.1895e+04
  38.0000 1.0957e+04 9.2345e+03 1.3031e+04 9.3467e+03 1.2939e+04 1.0732e+04 1.1180e+04 1.0388e+04 1.1526e+04
  38.2500 1.0620e+04 8.9555e+03 1.2621e+04 9.0639e+03 1.2532e+04 1.0404e+04 1.0835e+04 1.0070e+04 1.1170e+04
  38.5000 1.0296e+04 8.6864e+03 1.2227e+04 8.7910e+03 1.2140e+04 1.0088e+04 1.0502e+04 9.7638e+03 1.0828e+04
  38.7500 9.9824e+03 8.4266e+03 1.1846e+04 8.5277e+03 1.1763e+04 9.7826e+03 1.0181e+04 9.4682e+03 1.0497e+04
  39.0000 9.6804e+03 8.1758e+03 1.1480e+04 8.2735e+03 1.1399e+04 9.4882e+03 9.8712e+03 9.1829e+03 1.0178e+04
  39.2500 9.3891e+03 7.9336e+03 1.1127e+04 8.0280e+03 1.1048e+04 9.2041e+03 9.5726e+03 8.9077e+03 9.8707e+03
  39.5000 9.1079e+03 7.6997e+03 1.0786e+04 7.7910e+03 1.0710e+04 8.9299e+03 9.2845e+03 8.6421e+03 9.5740e+03
  39.7500 8.8366e+03 7.4738e+03 1.0457e+04 7.5621e+03 1.0384e+04 8.6652e+03 9.0065e+03 8.3856e+03 9.2877e+03
  40.0000 8.5747e+03 7.2556e+03 1.0141e+04 7.3410e+03 1.0070e+04 8.4096e+03 8.7383e+03 8.1381e+03 9.0114e+03
  40.2500 8.3218e+03 7.0448e+03 9.8351e+03 7.1274e+03 9.7663e+03 8.1629e+03 8.4793e+03 7.8990e+03 8.7446e+03
  40.5000 8.0777e+03 6.8410e+03 9.5403e+03 6.9209e+03 9.4736e+03 7.9246e+03 8.2294e+03 7.6681e+03 8.4871e+03
  40.7500 7.8419e+03 6.6441e+03 9.2558e+03 6.7214e+03 9.1912e+03 7.6943e+03 7.9879e+03 7.4450e+03 8.2384e+03
  41.0000 7.6139e+03 6.4538e+03 8.9811e+03 6.5286e+03 8.9185e+03 7.4718e+03 7.7547e+03 7.2295e+03 7.9981e+03
  41.2500 7.3937e+03 6.2697e+03 8.7158e+03 6.3422e+03 8.6551e+03 7.2566e+03 7.5293e+03 7.0211e+03 7.7658e+03
  41.5000 7.1808e+03 6.0918e+03 8.4596e+03 6.1619e+03 8.4008e+03 7.0487e+03 7.3115e+03 6.8197e+03 7.5413e+03
  41.7500 6.9749e+03 5.9197e+03 8.2121e+03 5.9876e+03 8.1551e+03 6.8475e+03 7.1009e+03 6.6249e+03 7.3243e+03
  42.0000 6.7758e+03 5.7532e+03 7.9730e+03 5.8190e+03 7.9176e+03 6.6530e+03 6.8973e+03 6.4366e+03 7.1145e+03
  42.2500 6.5833e+03 5.5922e+03 7.7419e+03 5.6559e+03 7.6882e+03 6.4649e+03 6.7004e+03 6.2545e+03 6.9116e+03
  42.5000 6.3971e+03 5.4364e+03 7.5186e+03 5.4980e+03 7.4665e+03 6.2828e+03 6.5101e+03 6.0783e+03 6.7153e+03
  42.7500 6.2170e+03 5.2856e+03 7.3027e+03 5.3453e+03 7.2522e+03 6.1067e+03 6.3259e+03 5.9078e+03 6.5255e+03
  43.0000 6.0427e+03 5.1397e+03 7.0939e+03 5.1975e+03 7.0450e+03 5.9363e+03 6.1478e+03 5.7429e+03 6.3419e+03
  43.2500 5.8740e+03 4.9984e+03 6.8921e+03 5.0545e+03 6.8446e+03 5.7714e+03 5.9755e+03 5.5833e+03 6.1642e+03
  43.5000 5.7108e+03 4.8616e+03 6.6969e+03 4.9160e+03 6.6508e+03 5.6117e+03 5.8087e+03 5.4288e+03 5.9923e+03
  43.7500 5.5528e+03 4.7292e+03 6.5082e+03 4.7819e+03 6.4634e+03 5.4571e+03 5.6474e+03 5.2793e+03 5.8258e+03
  44.0000 5.3999e+03 4.6010e+03 6.3255e+03 4.6520e+03 6.2821e+03 5.3075e+03 5.4912e+03 5.1345e+03 5.6648e+03
  44.2500 5.2518e+03 4.4768e+03 6.1488e+03 4.5263e+03 6.1067e+03 5.1626e+03 5.3400e+03 4.9944e+03 5.5088e+03
  44.5000 5.1085e+03 4.3565e+03 5.9778e+03 4.4044e+03 5.9369e+03 5.0222e+03 5.1936e+03 4.8586e+03 5.3578e+03
  44.7500 4.9696e+03 4.2399e+03 5.8124e+03 4.2864e+03 5.7727e+03 4.8863e+03 5.0518e+03 4.7272e+03 5.2116e+03
  45.0000 4.8351e+03 4.1270e+03 5.6522e+03 4.1721e+03 5.6136e+03 4.7546e+03 4.9146e+03 4.5998e+03 5.0700e+03
  45.2500 4.7049e+03 4.0175e+03 5.4971e+03 4.0613e+03 5.4597e+03 4.6271e+03 4.7816e+03 4.4764e+03 4.9329e+03
  45.5000 4.5786e+03 3.9114e+03 5.3470e+03 3.9539e+03 5.3106e+03 4.5034e+03 4.6528e+03 4.3569e+03 4.8000e+03
  45.7500 4.4563e+03 3.8086e+03 5.2016e+03 3.8498e+03 5.1663e+03 4.3836e+03 4.5281e+03 4.2411e+03 4.6713e+03
  46.0000 4.3378e+03 3.7089e+03 5.0608e+03 3.7488e+03 5.0265e+03 4.2676e+03 4.4072e+03 4.1288e+03 4.5466e+03
  46.2500 4.2230e+03 3.6123e+03 4.9244e+03 3.6510e+03 4.8911e+03 4.1550e+03 4.2900e+03 4.0200e+03 4.4257e+03
  46.5000 4.1116e+03 3.5185e+03 4.7923e+03 3.5561e+03 4.7599e+03 4.0459e+03 4.1765e+03 3.9145e+03 4.3086e+03
  46.7500 4.0037e+03 3.4276e+03 4.6642e+03 3.4641e+03 4.6328e+03 3.9401e+03 4.0664e+03 3.8123e+03 4.1950e+03
  47.0000 3.8991e+03 3.3394e+03 4.5402e+03 3.3748e+03 4.5096e+03 3.8375e+03 3.9598e+03 3.7131e+03 4.0849e+03
  47.2500 3.7976e+03 3.2539e+03 4.4200e+03 3.2883e+03 4.3903e+03 3.7381e+03 3.8563e+03 3.6169e+03 3.9782e+03
  47.5000 3.6992e+03 3.1709e+03 4.3034e+03 3.2043e+03 4.2746e+03 3.6416e+03 3.7561e+03 3.5237e+03 3.8747e+03
  47.7500 3.6038e+03 3.0904e+03 4.1905e+03 3.1228e+03 4.1624e+03 3.5480e+03 3.6588e+03 3.4332e+03 3.7743e+03
  48.0000 3.5112e+03 3.0122e+03 4.0809e+03 3.0437e+03 4.0537e+03 3.4572e+03 3.5645e+03 3.3454e+03 3.6770e+03
  48.2500 3.4214e+03 2.9363e+03 3.9747e+03 2.9669e+03 3.9482e+03 3.3691e+03 3.4730e+03 3.2603e+03 3.5826e+03
  48.5000 3.3343e+03 2.8627e+03 3.8717e+03 2.8924e+03 3.8460e+03 3.2837e+03 3.3843e+03 3.1777e+03 3.4910e+03
  48.7500 3.2498e+03 2.7912e+03 3.7719e+03 2.8201e+03 3.7468e+03 3.2007e+03 3.2982e+03 3.0975e+03 3.4021e+03
  49.0000 3.1678e+03 2.7218e+03 3.6750e+03 2.7498e+03 3.6506e+03 3.1202e+03 3.2146e+03 3.0197e+03 3.3159e+03
  49.2500 3.0881e+03 2.6544e+03 3.5810e+03 2.6816e+03 3.5572e+03 3.0421e+03 3.1336e+03 2.9441e+03 3.2322e+03
  49.5000 3.0109e+03 2.5890e+03 3.4898e+03 2.6154e+03 3.4667e+03 2.9662e+03 3.0549e+03 2.8708e+03 3.1510e+03
  49.7500 2.9358e+03 2.5254e+03 3.4013e+03 2.5511e+03 3.3788e+03 2.8926e+03 2.9785e+03 2.7996e+03 3.0722e+03
  50.0000 2.8630e+03 2.4637e+03 3.3154e+03 2.4886e+03 3.2935e+03 2.8211e+03 2.9044e+03 2.7305e+03 2.9956e+03
  50.2500 2.7923e+03 2.4036e+03 3.2320e+03 2.4279e+03 3.2107e+03 2.7516e+03 2.8324e+03 2.6633e+03 2.9213e+03
  50.5000 2.7236e+03 2.3453e+03 3.1510e+03 2.3689e+03 3.1303e+03 2.6841e+03 2.7624e+03 2.5981e+03 2.8491e+03
  50.7500 2.6568e+03 2.2886e+03 3.0724e+03 2.3116e+03 3.0523e+03 2.6185e+03 2.6945e+03 2.5347e+03 2.7790e+03
  51.0000 2.5919e+03 2.2335e+03 2.9961e+03 2.2558e+03 2.9765e+03 2.5548e+03 2.6284e+03 2.4730e+03 2.7108e+03
  51.2500 2.5288e+03 2.1799e+03 2.9220e+03 2.2016e+03 2.9029e+03 2.4928e+03 2.5643e+03 2.4131e+03 2.6446e+03
  51.5000 2.4676e+03 2.1278e+03 2.8500e+03 2.1489e+03 2.8313e+03 2.4326e+03 2.5019e+03 2.3549e+03 2.5802e+03
  51.7500 2.4080e+03 2.0771e+03 2.7800e+03 2.0976e+03 2.7619e+03 2.3741e+03 2.4414e+03 2.2983e+03 2.5177e+03
  52.0000 2.3501e+03 2.0278e+03 2.7120e+03 2.0478e+03 2.6944e+03 2.3171e+03 2.3825e+03 2.2433e+03 2.4569e+03
  52.2500 2.2938e+03 1.9798e+03 2.6460e+03 1.9993e+03 2.6288e+03 2.2618e+03 2.3252e+03 2.1898e+03 2.3978e+03
  52.5000 2.2390e+03 1.9332e+03 2.5818e+03 1.9521e+03 2.5651e+03 2.2080e+03 2.2695e+03 2.1377e+03 2.3404e+03
  52.7500 2.1858e+03 1.8878e+03 2.5194e+03 1.9063e+03 2.5031e+03 2.1557e+03 2.2154e+03 2.0871e+03 2.2845e+03
  53.0000 2.1340e+03 1.8437e+03 2.4588e+03 1.8616e+03 2.4429e+03 2.1047e+03 2.1628e+03 2.0379e+03 2.2302e+03
  53.2500 2.0836e+03 1.8007e+03 2.3998e+03 1.8182e+03 2.3843e+03 2.0552e+03 2.1116e+03 1.9900e+03 2.1773e+03
  53.5000 2.0346e+03 1.7589e+03 2.3425e+03 1.7760e+03 2.3274e+03 2.0070e+03 2.0618e+03 1.9434e+03 2.1259e+03
  53.7500 1.9870e+03 1.7183e+03 2.2868e+03 1.7348e+03 2.2721e+03 1.9602e+03 2.0133e+03 1.8981e+03 2.0759e+03
  54.0000 1.9406e+03 1.6787e+03 2.2326e+03 1.6948e+03 2.2183e+03 1.9146e+03 1.9662e+03 1.8540e+03 2.0273e+03
  54.2500 1.8955e+03 1.6401e+03 2.1799e+03 1.6558e+03 2.1659e+03 1.8702e+03 1.9204e+03 1.8110e+03 1.9800e+03
  54.5000 1.8516e+03 1.6026e+03 2.1287e+03 1.6179e+03 2.1150e+03 1.8270e+03 1.8758e+03 1.7692e+03 1.9340e+03
  54.7500 1.8088e+03 1.5661e+03 2.0788e+03 1.5810e+03 2.0655e+03 1.7850e+03 1.8324e+03 1.7286e+03 1.8892e+03
  55.0000 1.7673e+03 1.5305e+03 2.0303e+03 1.5450e+03 2.0173e+03 1.7440e+03 1.7901e+03 1.6890e+03 1.8456e+03
  55.2500 1.7268e+03 1.4959e+03 1.9831e+03 1.5100e+03 1.9704e+03 1.7042e+03 1.7490e+03 1.6505e+03 1.8031e+03
  55.5000 1.6873e+03 1.4621e+03 1.9372e+03 1.4759e+03 1.9248e+03 1.6654e+03 1.7090e+03 1.6129e+03 1.7618e+03
  55.7500 1.6490e+03 1.4293e+03 1.8925e+03 1.4427e+03 1.8804e+03 1.6276e+03 1.6700e+03 1.5764e+03 1.7216e+03
  56.0000 1.6116e+03 1.3973e+03 1.8490e+03 1.4104e+03 1.8372e+03 1.5908e+03 1.6320e+03 1.5408e+03 1.6825e+03
  56.2500 1.5752e+03 1.3661e+03 1.8066e+03 1.3789e+03 1.7952e+03 1.5550e+03 1.5951e+03 1.5062e+03 1.6443e+03
  56.5000 1.5398e+03 1.3357e+03 1.7654e+03 1.3482e+03 1.7542e+03 1.5202e+03 1.5591e+03 1.4724e+03 1.6072e+03
  56.7500 1.5053e+03 1.3062e+03 1.7253e+03 1.3183e+03 1.7143e+03 1.4862e+03 1.5241e+03 1.4396e+03 1.5710e+03
  57.0000 1.4717e+03 1.2773e+03 1.6862e+03 1.2892e+03 1.6755e+03 1.4531e+03 1.4899e+03 1.4075e+03 1.5358e+03
  57.2500 1.4389e+03 1.2492e+03 1.6481e+03 1.2608e+03 1.6378e+03 1.4208e+03 1.4567e+03 1.3763e+03 1.5015e+03
  57.5000 1.4070e+03 1.2219e+03 1.6111e+03 1.2331e+03 1.6009e+03 1.3894e+03 1.4243e+03 1.3459e+03 1.4681e+03
  57.7500 1.3759e+03 1.1952e+03 1.5750e+03 1.2062e+03 1.5651e+03 1.3588e+03 1.3928e+03 1.3163e+03 1.4355e+03
  58.0000 1.3456e+03 1.1692e+03 1.5398e+03 1.1799e+03 1.5302e+03 1.3290e+03 1.3620e+03 1.2875e+03 1.4038e+03
  58.2500 1.3161e+03 1.1438e+03 1.5056e+03 1.1543e+03 1.4962e+03 1.2999e+03 1.3321e+03 1.2593e+03 1.3729e+03
  58.5000 1.2873e+03 1.1191e+03 1.4722e+03 1.1293e+03 1.4630e+03 1.2715e+03 1.3029e+03 1.2319e+03 1.3428e+03
  58.7500 1.2593e+03 1.0951e+03 1.4397e+03 1.1050e+03 1.4307e+03 1.2439e+03 1.2744e+03 1.2052e+03 1.3135e+03
  59.0000 1.2320e+03 1.0716e+03 1.4080e+03 1.0813e+03 1.3992e+03 1.2170e+03 1.2467e+03 1.1791e+03 1.2848e+03
  59.2500 1.2053e+03 1.0487e+03 1.3772e+03 1.0581e+03 1.3686e+03 1.1907e+03 1.2197e+03 1.1537e+03 1.2570e+03
  59.5000 1.1793e+03 1.0263e+03 1.3471e+03 1.0356e+03 1.3387e+03 1.1651e+03 1.1933e+03 1.1290e+03 1.2298e+03
  59.7500 1.1540e+03 1.0046e+03 1.3177e+03 1.0136e+03 1.3096e+03 1.1402e+03 1.1677e+03 1.1048e+03 1.2033e+03
  60.0000 1.1293e+03 9.8331e+02 1.2892e+03 9.9211e+02 1.2812e+03 1.1158e+03 1.1426e+03 1.0813e+03 1.1774e+03
  60.2500 1.1052e+03 9.6259e+02 1.2613e+03 9.7118e+02 1.2535e+03 1.0921e+03 1.1182e+03 1.0583e+03 1.1522e+03
  60.5000 1.0818e+03 9.4238e+02 1.2341e+03 9.5077e+02 1.2265e+03 1.0690e+03 1.0944e+03 1.0359e+03 1.1277e+03
  60.7500 1.0589e+03 9.2267e+02 1.2076e+03 9.3086e+02 1.2002e+03 1.0464e+03 1.0712e+03 1.0141e+03 1.1037e+03
  61.0000 1.0365e+03 9.0344e+02 1.1818e+03 9.1143e+02 1.1745e+03 1.0243e+03 1.0485e+03 9.9276e+02 1.0803e+03
  61.2500 1.0147e+03 8.8468e+02 1.1566e+03 8.9248e+02 1.1495e+03 1.0029e+03 1.0264e+03 9.7197e+02 1.0575e+03
  61.5000 9.9347e+02 8.6637e+02 1.1320e+03 8.7399e+02 1.1251e+03 9.8191e+02 1.0049e+03 9.5169e+02 1.0353e+03
  61.7500 9.7273e+02 8.4849e+02 1.1081e+03 8.5594e+02 1.1013e+03 9.6145e+02 9.8382e+02 9.3190e+02 1.0136e+03
  62.0000 9.5248e+02 8.3105e+02 1.0847e+03 8.3832e+02 1.0781e+03 9.4149e+02 9.6330e+02 9.1258e+02 9.9241e+02
  62.2500 9.3273e+02 8.1401e+02 1.0619e+03 8.2111e+02 1.0554e+03 9.2200e+02 9.4328e+02 8.9373e+02 9.7174e+02
  62.5000 9.1344e+02 7.9738e+02 1.0396e+03 8.0432e+02 1.0333e+03 9.0298e+02 9.2373e+02 8.7532e+02 9.5158e+02
  62.7500 8.9462e+02 7.8114e+02 1.0179e+03 7.8791e+02 1.0117e+03 8.8441e+02 9.0465e+02 8.5736e+02 9.3189e+02
  63.0000 8.7624e+02 7.6527e+02 9.9673e+02 7.7190e+02 9.9067e+02 8.6629e+02 8.8603e+02 8.3982e+02 9.1268e+02
  63.2500 8.5830e+02 7.4978e+02 9.7605e+02 7.5625e+02 9.7012e+02 8.4859e+02 8.6785e+02 8.2269e+02 8.9392e+02
  63.5000 8.4078e+02 7.3466e+02 9.5587e+02 7.4098e+02 9.5007e+02 8.3131e+02 8.5010e+02 8.0597e+02 8.7562e+02
  63.7500 8.2368e+02 7.1988e+02 9.3617e+02 7.2606e+02 9.3050e+02 8.1443e+02 8.3277e+02 7.8963e+02 8.5774e+02
  64.0000 8.0698e+02 7.0544e+02 9.1694e+02 7.1148e+02 9.1139e+02 7.9796e+02 8.1585e+02 7.7369e+02 8.4028e+02
  64.2500 7.9066e+02 6.9134e+02 8.9816e+02 6.9724e+02 8.9274e+02 7.8186e+02 7.9933e+02 7.5811e+02 8.2324e+02
  64.5000 7.7473e+02 6.7756e+02 8.7984e+02 6.8333e+02 8.7453e+02 7.6614e+02 7.8319e+02 7.4289e+02 8.0659e+02
  64.7500 7.5917e+02 6.6410e+02 8.6194e+02 6.6974e+02 8.5675e+02 7.5078e+02 7.6743e+02 7.2803e+02 7.9033e+02
  65.0000 7.4397e+02 6.5095e+02 8.4446e+02 6.5646e+02 8.3939e+02 7.3578e+02 7.5203e+02 7.1351e+02 7.7445e+02
  65.2500 7.2913e+02 6.3809e+02 8.2740e+02 6.4348e+02 8.2244e+02 7.2113e+02 7.3700e+02 6.9932e+02 7.5894e+02
  65.5000 7.1462e+02 6.2553e+02 8.1073e+02 6.3080e+02 8.0588e+02 7.0681e+02 7.2230e+02 6.8546e+02 7.4379e+02
  65.7500 7.0045e+02 6.1326e+02 7.9446e+02 6.1841e+02 7.8971e+02 6.9282e+02 7.0795e+02 6.7192e+02 7.2898e+02
  66.0000 6.8660e+02 6.0126e+02 7.7856e+02 6.0630e+02 7.7391e+02 6.7915e+02 6.9393e+02 6.5869e+02 7.1452e+02
  66.2500 6.7307e+02 5.8953e+02 7.6302e+02 5.9446e+02 7.5848e+02 6.6579e+02 6.8023e+02 6.4575e+02 7.0039e+02
  66.5000 6.5984e+02 5.7807e+02 7.4785e+02 5.8288e+02 7.4340e+02 6.5274e+02 6.6684e+02 6.3311e+02 6.8658e+02
  66.7500 6.4692e+02 5.6686e+02 7.3303e+02 5.7157e+02 7.2867e+02 6.3998e+02 6.5375e+02 6.2076e+02 6.7309e+02
  67.0000 6.3429e+02 5.5590e+02 7.1854e+02 5.6051e+02 7.1428e+02 6.2751e+02 6.4096e+02 6.0868e+02 6.5990e+02
  67.2500 6.2194e+02 5.4519e+02 7.0439e+02 5.4970e+02 7.0022e+02 6.1532e+02 6.2846e+02 5.9688e+02 6.4701e+02
  67.5000 6.0987e+02 5.3471e+02 6.9056e+02 5.3912e+02 6.8647e+02 6.0340e+02 6.1624e+02 5.8534e+02 6.3441e+02
  67.7500 5.9807e+02 5.2447e+02 6.7704e+02 5.2878e+02 6.7304e+02 5.9175e+02 6.0430e+02 5.7405e+02 6.2209e+02
  68.0000 5.8654e+02 5.1445e+02 6.6383e+02 5.1867e+02 6.5991e+02 5.8035e+02 5.9262e+02 5.6302e+02 6.1005e+02
  68.2500 5.7526e+02 5.0465e+02 6.5092e+02 5.0879e+02 6.4708e+02 5.6921e+02 5.8121e+02 5.5223e+02 5.9828e+02
  68.5000 5.6423e+02 4.9507e+02 6.3829e+02 4.9912e+02 6.3454e+02 5.5832e+02 5.7004e+02 5.4168e+02 5.8677e+02
  68.7500 5.5344e+02 4.8570e+02 6.2595e+02 4.8966e+02 6.2228e+02 5.4767e+02 5.5913e+02 5.3137e+02 5.7552e+02
  69.0000 5.4290e+02 4.7653e+02 6.1389e+02 4.8041e+02 6.1029e+02 5.3725e+02 5.4846e+02 5.2127e+02 5.6452e+02
  69.2500 5.3258e+02 4.6756e+02 6.0210e+02 4.7136e+02 5.9857e+02 5.2706e+02 5.3802e+02 5.1141e+02 5.5376e+02
  69.5000 5.2250e+02 4.5879e+02 5.9056e+02 4.6250e+02 5.8711e+02 5.1710e+02 5.2781e+02 5.0175e+02 5.4324e+02
  69.7500 5.1263e+02 4.5021e+02 5.7928e+02 4.5384e+02 5.7590e+02 5.0735e+02 5.1783e+02 4.9231e+02 5.3294e+02
  70.0000 5.0298e+02 4.4181e+02 5.6826e+02 4.4537e+02 5.6494e+02 4.9781e+02 5.0806e+02 4.8307e+02 5.2288e+02
  70.2500 4.9353e+02 4.3359e+02 5.5747e+02 4.3708e+02 5.5422e+02 4.8849e+02 4.9851e+02 4.7403e+02 5.1303e+02
  70.5000 4.8430e+02 4.2555e+02 5.4692e+02 4.2896e+02 5.4374e+02 4.7936e+02 4.8916e+02 4.6519e+02 5.0340e+02
  70.7500 4.7526e+02 4.1768e+02 5.3660e+02 4.2102e+02 5.3348e+02 4.7043e+02 4.8002e+02 4.5654e+02 4.9397e+02
  71.0000 4.6642e+02 4.0998e+02 5.2651e+02 4.1325e+02 5.2345e+02 4.6169e+02 4.7107e+02 4.4807e+02 4.8475e+02
  71.2500 4.5776e+02 4.0244e+02 5.1663e+02 4.0565e+02 5.1364e+02 4.5314e+02 4.6232e+02 4.3979e+02 4.7573e+02
  71.5000 4.4930e+02 3.9507e+02 5.0697e+02 3.9821e+02 5.0404e+02 4.4477e+02 4.5375e+02 4.3168e+02 4.6690e+02
  71.7500 4.4101e+02 3.8785e+02 4.9752e+02 3.9092e+02 4.9464e+02 4.3658e+02 4.4537e+02 4.2374e+02 4.5826e+02
  72.0000 4.3290e+02 3.8078e+02 4.8827e+02 3.8379e+02 4.8545e+02 4.2856e+02 4.3717e+02 4.1598e+02 4.4981e+02
  72.2500 4.2496e+02 3.7386e+02 4.7922e+02 3.7681e+02 4.7646e+02 4.2072e+02 4.2914e+02 4.0837e+02 4.4154e+02
  72.5000 4.1719e+02 3.6709e+02 4.7036e+02 3.6998e+02 4.6765e+02 4.1304e+02 4.2128e+02 4.0093e+02 4.3344e+02
  72.7500 4.0958e+02 3.6045e+02 4.6170e+02 3.6329e+02 4.5904e+02 4.0552e+02 4.1359e+02 3.9364e+02 4.2551e+02
  73.0000 4.0214e+02 3.5396e+02 4.5321e+02 3.5674e+02 4.5061e+02 3.9816e+02 4.0606e+02 3.8651e+02 4.1776e+02
  73.2500 3.9485e+02 3.4760e+02 4.4491e+02 3.5033e+02 4.4236e+02 3.9095e+02 3.9869e+02 3.7952e+02 4.1016e+02
  73.5000 3.8771e+02 3.4138e+02 4.3678e+02 3.4405e+02 4.3428e+02 3.8390e+02 3.9147e+02 3.7269e+02 4.0273e+02
  73.7500 3.8072e+02 3.3528e+02 4.2883e+02 3.3790e+02 4.2637e+02 3.7699e+02 3.8440e+02 3.6599e+02 3.9545e+02
  74.0000 3.7388e+02 3.2931e+02 4.2104e+02 3.3187e+02 4.1863e+02 3.7023e+02 3.7748e+02 3.5943e+02 3.8832e+02
  74.2500 3.6718e+02 3.2346e+02 4.1341e+02 3.2598e+02 4.1105e+02 3.6360e+02 3.7071e+02 3.5301e+02 3.8134e+02
  74.5000 3.6062e+02 3.1773e+02 4.0595e+02 3.2020e+02 4.0363e+02 3.5712e+02 3.6408e+02 3.4672e+02 3.7451e+02
  74.7500 3.5419e+02 3.1212e+02 3.9864e+02 3.1454e+02 3.9636e+02 3.5076e+02 3.5758e+02 3.4056e+02 3.6781e+02
  75.0000 3.4790e+02 3.0663e+02 3.9148e+02 3.0900e+02 3.8925e+02 3.4454e+02 3.5122e+02 3.3453e+02 3.6126e+02
  75.2500 3.4174e+02 3.0124e+02 3.8447e+02 3.0357e+02 3.8228e+02 3.3844e+02 3.4498e+02 3.2862e+02 3.5484e+02
  75.5000 3.3570e+02 2.9597e+02 3.7760e+02 2.9825e+02 3.7545e+02 3.3247e+02 3.3888e+02 3.2283e+02 3.4856e+02
  75.7500 3.2978e+02 2.9080e+02 3.7088e+02 2.9304e+02 3.6877e+02 3.2662e+02 3.3290e+02 3.1716e+02 3.4240e+02
  76.0000 3.2399e+02 2.8574e+02 3.6429e+02 2.8794e+02 3.6222e+02 3.2089e+02 3.2704e+02 3.1160e+02 3.3637e+02
  76.2500 3.1831e+02 2.8078e+02 3.5784e+02 2.8293e+02 3.5581e+02 3.1528e+02 3.2130e+02 3.0616e+02 3.3045e+02
  76.5000 3.1275e+02 2.7592e+02 3.5152e+02 2.7803e+02 3.4953e+02 3.0978e+02 3.1568e+02 3.0082e+02 3.2466e+02
  76.7500 3.0730e+02 2.7115e+02 3.4533e+02 2.7322e+02 3.4338e+02 3.0438e+02 3.1017e+02 2.9559e+02 3.1899e+02
  77.0000 3.0196e+02 2.6648e+02 3.3927e+02 2.6851e+02 3.3735e+02 2.9910e+02 3.0477e+02 2.9047e+02 3.1343e+02
  77.2500 2.9672e+02 2.6190e+02 3.3333e+02 2.6390e+02 3.3144e+02 2.9393e+02 2.9948e+02 2.8545e+02 3.0799e+02
  77.5000 2.9159e+02 2.5741e+02 3.2751e+02 2.5937e+02 3.2565e+02 2.8885e+02 2.9430e+02 2.8053e+02 3.0265e+02
  77.7500 2.8656e+02 2.5301e+02 3.2180e+02 2.5494e+02 3.1999e+02 2.8388e+02 2.8922e+02 2.7570e+02 2.9742e+02
  78.0000 2.8164e+02 2.4870e+02 3.1621e+02 2.5059e+02 3.1443e+02 2.7900e+02 2.8424e+02 2.7098e+02 2.9229e+02
  78.2500 2.7681e+02 2.4447e+02 3.1074e+02 2.4632e+02 3.0898e+02 2.7423e+02 2.7936e+02 2.6634e+02 2.8727e+02
  78.5000 2.7207e+02 2.4033e+02 3.0537e+02 2.4214e+02 3.0365e+02 2.6954e+02 2.7457e+02 2.6180e+02 2.8234e+02
  78.7500 2.6743e+02 2.3626e+02 3.0011e+02 2.3805e+02 2.9842e+02 2.6495e+02 2.6988e+02 2.5734e+02 2.7751e+02
  79.0000 2.6288e+02 2.3228e+02 2.9495e+02 2.3403e+02 2.9329e+02 2.6045e+02 2.6529e+02 2.5298e+02 2.7278e+02
  79.2500 2.5842e+02 2.2837e+02 2.8990e+02 2.3009e+02 2.8827e+02 2.5604e+02 2.6078e+02 2.4869e+02 2.6814e+02
  79.5000 2.5405e+02 2.2454e+02 2.8495e+02 2.2622e+02 2.8335e+02 2.5171e+02 2.5636e+02 2.4450e+02 2.6359e+02
  79.7500 2.4976e+02 2.2078e+02 2.8009e+02 2.2243e+02 2.7852e+02 2.4747e+02 2.5203e+02 2.4038e+02 2.5913e+02
  80.0000 2.4556e+02 2.1709e+02 2.7533e+02 2.1872e+02 2.7379e+02 2.4330e+02 2.4778e+02 2.3634e+02 2.5476e+02
  80.2500 2.4143e+02 2.1348e+02 2.7066e+02 2.1507e+02 2.6914e+02 2.3922e+02 2.4361e+02 2.3238e+02 2.5047e+02
  80.5000 2.3739e+02 2.0993e+02 2.6609e+02 2.1150e+02 2.6460e+02 2.3522e+02 2.3953e+02 2.2850e+02 2.4627e+02
  80.7500 2.3343e+02 2.0645e+02 2.6160e+02 2.0799e+02 2.6014e+02 2.3130e+02 2.3552e+02 2.2469e+02 2.4215e+02
  81.0000 2.2954e+02 2.0304e+02 2.5720e+02 2.0455e+02 2.5576e+02 2.2745e+02 2.3159e+02 2.2096e+02 2.3811e+02
  81.2500 2.2572e+02 1.9969e+02 2.5289e+02 2.0118e+02 2.5147e+02 2.2368e+02 2.2774e+02 2.1729e+02 2.3414e+02
  81.5000 2.2198e+02 1.9641e+02 2.4866e+02 1.9787e+02 2.4727e+02 2.1997e+02 2.2396e+02 2.1370e+02 2.3025e+02
  81.7500 2.1831e+02 1.9319e+02 2.4451e+02 1.9462e+02 2.4314e+02 2.1634e+02 2.2025e+02 2.1018e+02 2.2644e+02
  82.0000 2.1471e+02 1.9003e+02 2.4044e+02 1.9144e+02 2.3910e+02 2.1278e+02 2.1662e+02 2.0672e+02 2.2270e+02
  82.2500 2.1118e+02 1.8692e+02 2.3645e+02 1.8831e+02 2.3513e+02 2.0928e+02 2.1305e+02 2.0332e+02 2.1903e+02
  82.5000 2.0771e+02 1.8388e+02 2.3254e+02 1.8524e+02 2.3124e+02 2.0585e+02 2.0955e+02 2.0000e+02 2.1543e+02
  82.7500 2.0431e+02 1.8089e+02 2.2870e+02 1.8223e+02 2.2742e+02 2.0249e+02 2.0612e+02 1.9673e+02 2.1189e+02
  83.0000 2.0098e+02 1.7796e+02 2.2493e+02 1.7928e+02 2.2368e+02 1.9919e+02 2.0275e+02 1.9353e+02 2.0843e+02
  83.2500 1.9771e+02 1.7509e+02 2.2124e+02 1.7638e+02 2.2000e+02 1.9595e+02 1.9944e+02 1.9038e+02 2.0503e+02
  83.5000 1.9450e+02 1.7226e+02 2.1761e+02 1.7353e+02 2.1640e+02 1.9277e+02 1.9620e+02 1.8729e+02 2.0169e+02
  83.7500 1.9134e+02 1.6949e+02 2.1406e+02 1.7074e+02 2.1286e+02 1.8965e+02 1.9302e+02 1.8426e+02 1.9842e+02
  84.0000 1.8825e+02 1.6678e+02 2.1057e+02 1.6800e+02 2.0939e+02 1.8659e+02 1.8990e+02 1.8129e+02 1.9521e+02
  84.2500 1.8522e+02 1.6411e+02 2.0714e+02 1.6531e+02 2.0599e+02 1.8358e+02 1.8683e+02 1.7838e+02 1.9206e+02
  84.5000 1.8224e+02 1.6149e+02 2.0379e+02 1.6267e+02 2.0265e+02 1.8063e+02 1.8382e+02 1.7551e+02 1.8896e+02
  84.7500 1.7932e+02 1.5892e+02 2.0049e+02 1.6008e+02 1.9937e+02 1.7774e+02 1.8087e+02 1.7270e+02 1.8593e+02
  85.0000 1.7645e+02 1.5639e+02 1.9725e+02 1.5754e+02 1.9615e+02 1.7490e+02 1.7798e+02 1.6994e+02 1.8295e+02
  85.2500 1.7363e+02 1.5391e+02 1.9408e+02 1.5504e+02 1.9300e+02 1.7211e+02 1.7513e+02 1.6724e+02 1.8002e+02
  85.5000 1.7087e+02 1.5148e+02 1.9096e+02 1.5259e+02 1.8990e+02 1.6937e+02 1.7234e+02 1.6458e+02 1.7715e+02
  85.7500 1.6815e+02 1.4909e+02 1.8790e+02 1.5018e+02 1.8686e+02 1.6669e+02 1.6960e+02 1.6197e+02 1.7433e+02
  86.0000 1.6549e+02 1.4674e+02 1.8490e+02 1.4782e+02 1.8387e+02 1.6405e+02 1.6691e+02 1.5940e+02 1.7157e+02
  86.2500 1.6287e+02 1.4444e+02 1.8196e+02 1.4550e+02 1.8094e+02 1.6146e+02 1.6427e+02 1.5689e+02 1.6885e+02
  86.5000 1.6030e+02 1.4218e+02 1.7906e+02 1.4322e+02 1.7806e+02 1.5891e+02 1.6168e+02 1.5442e+02 1.6619e+02
  86.7500 1.5778e+02 1.3996e+02 1.7622e+02 1.4098e+02 1.7524e+02 1.5642e+02 1.5913e+02 1.5199e+02 1.6357e+02
  87.0000 1.5531e+02 1.3778e+02 1.7344e+02 1.3878e+02 1.7247e+02 1.5396e+02 1.5663e+02 1.4961e+02 1.6100e+02
  87.2500 1.5287e+02 1.3563e+02 1.7070e+02 1.3662e+02 1.6975e+02 1.5156e+02 1.5418e+02 1.4727e+02 1.5847e+02
  87.5000 1.5049e+02 1.3353e+02 1.6801e+02 1.3450e+02 1.6707e+02 1.4919e+02 1.5177e+02 1.4497e+02 1.5600e+02
  87.7500 1.4814e+02 1.3146e+02 1.6537e+02 1.3242e+02 1.6445e+02 1.4687e+02 1.4940e+02 1.4272e+02 1.5356e+02
  88.0000 1.4584e+02 1.2944e+02 1.6278e+02 1.3038e+02 1.6187e+02 1.4459e+02 1.4707e+02 1.4050e+02 1.5117e+02
  88.2500 1.4358e+02 1.2744e+02 1.6024e+02 1.2837e+02 1.5934e+02 1.4235e+02 1.4479e+02 1.3833e+02 1.4883e+02
  88.5000 1.4136e+02 1.2548e+02 1.5774e+02 1.2640e+02 1.5686e+02 1.4015e+02 1.4255e+02 1.3619e+02 1.4652e+02
  88.7500 1.3918e+02 1.2356e+02 1.5529e+02 1.2446e+02 1.5442e+02 1.3799e+02 1.4035e+02 1.3409e+02 1.4426e+02
  89.0000 1.3703e+02 1.2167e+02 1.5288e+02 1.2256e+02 1.5202e+02 1.3587e+02 1.3819e+02 1.3203e+02 1.4204e+02
  89.2500 1.3493e+02 1.1981e+02 1.5051e+02 1.2069e+02 1.4967e+02 1.3378e+02 1.3606e+02 1.3000e+02 1.3985e+02
  89.5000 1.3286e+02 1.1799e+02 1.4819e+02 1.1885e+02 1.4736e+02 1.3173e+02 1.3397e+02 1.2801e+02 1.3771e+02
  89.7500 1.3083e+02 1.1620e+02 1.4590e+02 1.1704e+02 1.4509e+02 1.2972e+02 1.3192e+02 1.2606e+02 1.3560e+02
  90.0000 1.2883e+02 1.1444e+02 1.4366e+02 1.1527e+02 1.4286e+02 1.2775e+02 1.2991e+02 1.2413e+02 1.3353e+02
  90.2500 1.2687e+02 1.1271e+02 1.4146e+02 1.1353e+02 1.4066e+02 1.2580e+02 1.2793e+02 1.2225e+02 1.3150e+02
  90.5000 1.2495e+02 1.1101e+02 1.3929e+02 1.1181e+02 1.3851e+02 1.2389e+02 1.2599e+02 1.2039e+02 1.2950e+02
  90.7500 1.2305e+02 1.0934e+02 1.3717e+02 1.1013e+02 1.3640e+02 1.2202e+02 1.2408e+02 1.1857e+02 1.2754e+02
  91.0000 1.2119e+02 1.0769e+02 1.3508e+02 1.0848e+02 1.3432e+02 1.2018e+02 1.2220e+02 1.1678e+02 1.2561e+02
  91.2500 1.1937e+02 1.0608e+02 1.3303e+02 1.0685e+02 1.3228e+02 1.1837e+02 1.2036e+02 1.1502e+02 1.2371e+02
  91.5000 1.1757e+02 1.0450e+02 1.3101e+02 1.0526e+02 1.3027e+02 1.1659e+02 1.1854e+02 1.1329e+02 1.2185e+02
  91.7500 1.1581e+02 1.0294e+02 1.2903e+02 1.0369e+02 1.2830e+02 1.1484e+02 1.1676e+02 1.1159e+02 1.2002e+02
  92.0000 1.1407e+02 1.0141e+02 1.2708e+02 1.0214e+02 1.2637e+02 1.1312e+02 1.1501e+02 1.0992e+02 1.1822e+02
  92.2500 1.1237e+02 9.9902e+01 1.2517e+02 1.0063e+02 1.2446e+02 1.1143e+02 1.1329e+02 1.0828e+02 1.1646e+02
  92.5000 1.1069e+02 9.8422e+01 1.2329e+02 9.9139e+01 1.2259e+02 1.0978e+02 1.1160e+02 1.0666e+02 1.1472e+02
  92.7500 1.0905e+02 9.6968e+01 1.2144e+02 9.7674e+01 1.2075e+02 1.0814e+02 1.0994e+02 1.0508e+02 1.1302e+02
  93.0000 1.0743e+02 9.5538e+01 1.1963e+02 9.6234e+01 1.1895e+02 1.0654e+02 1.0831e+02 1.0352e+02 1.1134e+02
  93.2500 1.0584e+02 9.4133e+01 1.1784e+02 9.4819e+01 1.1717e+02 1.0496e+02 1.0670e+02 1.0199e+02 1.0969e+02
  93.5000 1.0427e+02 9.2751e+01 1.1609e+02 9.3427e+01 1.1543e+02 1.0342e+02 1.0513e+02 1.0048e+02 1.0807e+02
  93.7500 1.0274e+02 9.1392e+01 1.1436e+02 9.2059e+01 1.1372e+02 1.0189e+02 1.0358e+02 9.8999e+01 1.0647e+02
  94.0000 1.0123e+02 9.0057e+01 1.1267e+02 9.0714e+01 1.1203e+02 1.0039e+02 1.0205e+02 9.7543e+01 1.0491e+02
  94.2500 9.9741e+01 8.8743e+01 1.1100e+02 8.9392e+01 1.1037e+02 9.8923e+01 1.0055e+02 9.6112e+01 1.0337e+02
  94.5000 9.8281e+01 8.7452e+01 1.0937e+02 8.8091e+01 1.0874e+02 9.7475e+01 9.9078e+01 9.4704e+01 1.0186e+02
  94.7500 9.6845e+01 8.6182e+01 1.0776e+02 8.6813e+01 1.0714e+02 9.6053e+01 9.7629e+01 9.3320e+01 1.0037e+02
  95.0000 9.5433e+01 8.4934e+01 1.0618e+02 8.5555e+01 1.0557e+02 9.4654e+01 9.6205e+01 9.1960e+01 9.8905e+01
  95.2500 9.4045e+01 8.3706e+01 1.0462e+02 8.4319e+01 1.0402e+02 9.3278e+01 9.4805e+01 9.0622e+01 9.7467e+01
  95.5000 9.2680e+01 8.2498e+01 1.0309e+02 8.3103e+01 1.0250e+02 9.1926e+01 9.3427e+01 8.9307e+01 9.6053e+01
  95.7500 9.1338e+01 8.1311e+01 1.0159e+02 8.1907e+01 1.0101e+02 9.0596e+01 9.2074e+01 8.8013e+01 9.4662e+01
  96.0000 9.0018e+01 8.0143e+01 1.0011e+02 8.0731e+01 9.9536e+01 8.9288e+01 9.0742e+01 8.6741e+01 9.3295e+01
  96.2500 8.8720e+01 7.8994e+01 9.8657e+01 7.9575e+01 9.8090e+01 8.8001e+01 8.9433e+01 8.5490e+01 9.1950e+01
  96.5000 8.7444e+01 7.7864e+01 9.7228e+01 7.8437e+01 9.6668e+01 8.6737e+01 8.8145e+01 8.4259e+01 9.0628e+01
  96.7500 8.6189e+01 7.6753e+01 9.5822e+01 7.7318e+01 9.5271e+01 8.5492e+01 8.6879e+01 8.3049e+01 8.9328e+01
  97.0000 8.4954e+01 7.5660e+01 9.4441e+01 7.6217e+01 9.3896e+01 8.4269e+01 8.5633e+01 8.1859e+01 8.8049e+01
  97.2500 8.3740e+01 7.4585e+01 9.3082e+01 7.5135e+01 9.2544e+01 8.3065e+01 8.4409e+01 8.0688e+01 8.6791e+01
  97.5000 8.2546e+01 7.3527e+01 9.1746e+01 7.4070e+01 9.1215e+01 8.1882e+01 8.3204e+01 7.9537e+01 8.5554e+01
  97.7500 8.1371e+01 7.2486e+01 9.0431e+01 7.3022e+01 8.9907e+01 8.0717e+01 8.2019e+01 7.8404e+01 8.4337e+01
  98.0000 8.0215e+01 7.1463e+01 8.9139e+01 7.1991e+01 8.8622e+01 7.9572e+01 8.0853e+01 7.7290e+01 8.3140e+01
  98.2500 7.9079e+01 7.0456e+01 8.7867e+01 7.0977e+01 8.7357e+01 7.8445e+01 7.9707e+01 7.6194e+01 8.1963e+01
  98.5000 7.7960e+01 6.9465e+01 8.6617e+01 6.9980e+01 8.6113e+01 7.7337e+01 7.8579e+01 7.5116e+01 8.0805e+01
  98.7500 7.6861e+01 6.8490e+01 8.5387e+01 6.8998e+01 8.4889e+01 7.6246e+01 7.7469e+01 7.4055e+01 7.9665e+01
  99.0000 7.5778e+01 6.7531e+01 8.4177e+01 6.8032e+01 8.3686e+01 7.5174e+01 7.6378e+01 7.3011e+01 7.8545e+01
  99.2500 7.4714e+01 6.6587e+01 8.2987e+01 6.7082e+01 8.2502e+01 7.4118e+01 7.5304e+01 7.1984e+01 7.7442e+01
  99.5000 7.3666e+01 6.5658e+01 8.1816e+01 6.6147e+01 8.1337e+01 7.3080e+01 7.4247e+01 7.0974e+01 7.6357e+01
  99.7500 7.2635e+01 6.4744e+01 8.0664e+01 6.5227e+01 8.0191e+01 7.2058e+01 7.3208e+01 6.9980e+01 7.5290e+01
 100.0000 7.1621e+01 6.3845e+01 7.9531e+01 6.4322e+01 7.9064e+01 7.1053e+01 7.2185e+01 6.9002e+01 7.4240e+01