   0.0000 0.0000e+00 0.0000e+00 0.0000e+00 0.0000e+00 0.0000e+00 0.0000e+00 0.0000e+00 0.0000e+00 0.0000e+00
   0.2500 1.2016e+08 3.6482e+07 4.0217e+08 6.1287e+07 3.9725e+08 9.2103e+07 1.2016e+08 6.7730e+07 1.7259e+08
   0.5000 2.1251e+08 7.2292e+07 6.3607e+08 9.9012e+07 6.2850e+08 1.9174e+08 2.1251e+08 1.3284e+08 2.9219e+08
   0.7500 2.9134e+08 6.6438e+07 8.0212e+08 9.1417e+07 7.9291e+08 2.4341e+08 3.2307e+08 2.0015e+08 3.8252e+08
   1.0000 3.4508e+08 5.5512e+07 8.9834e+08 7.9448e+07 8.8492e+08 2.7332e+08 4.2593e+08 2.5486e+08 4.3530e+08
   1.2500 3.6327e+08 4.7239e+07 9.0258e+08 6.9209e+07 8.8533e+08 2.8019e+08 4.7195e+08 2.8264e+08 4.4390e+08
   1.5000 3.4951e+08 4.3156e+07 8.3069e+08 6.2058e+07 8.1240e+08 2.6761e+08 4.6243e+08 2.8232e+08 4.1671e+08
   1.7500 3.1584e+08 4.4487e+07 7.1942e+08 6.0102e+07 7.0244e+08 2.4266e+08 4.1854e+08 2.6223e+08 3.6946e+08
   2.0000 2.7394e+08 5.1736e+07 5.9964e+08 6.4589e+07 5.8503e+08 2.1227e+08 3.6086e+08 2.3219e+08 3.1569e+08
   2.2500 2.3160e+08 5.8298e+07 4.8871e+08 6.8886e+07 4.7668e+08 1.8136e+08 3.0234e+08 1.9944e+08 2.6375e+08
   2.5000 1.9288e+08 5.9603e+07 3.9361e+08 6.8226e+07 3.8393e+08 1.5270e+08 2.4928e+08 1.6818e+08 2.1757e+08
   2.7500 1.5934e+08 5.6658e+07 3.1540e+08 6.3593e+07 3.0770e+08 1.2749e+08 2.0387e+08 1.4032e+08 1.7835e+08
   3.0000 1.3114e+08 5.2063e+07 2.5249e+08 5.7637e+07 2.4638e+08 1.0597e+08 1.6620e+08 1.1642e+08 1.4586e+08
   3.2500 1.0782e+08 4.6860e+07 2.0241e+08 5.1356e+07 1.9756e+08 8.7917e+07 1.3543e+08 9.6348e+07 1.1930e+08
   3.5000 8.8704e+07 4.1550e+07 1.6269e+08 4.5189e+07 1.5883e+08 7.2932e+07 1.1050e+08 7.9694e+07 9.7713e+07
   3.7500 7.3104e+07 3.6503e+07 1.3124e+08 3.9463e+07 1.2816e+08 6.0572e+07 9.0371e+07 6.5973e+07 8.0235e+07
   4.0000 6.0412e+07 3.1891e+07 1.0633e+08 3.4306e+07 1.0386e+08 5.0430e+07 7.4125e+07 5.4726e+07 6.6098e+07
   4.2500 5.0092e+07 2.7758e+07 8.6549e+07 2.9736e+07 8.4573e+07 4.2117e+07 6.1015e+07 4.5523e+07 5.4661e+07
   4.5000 4.1698e+07 2.4100e+07 7.0809e+07 2.5727e+07 6.9221e+07 3.5303e+07 5.0428e+07 3.7997e+07 4.5400e+07
   4.7500 3.4864e+07 2.0917e+07 5.8256e+07 2.2261e+07 5.6976e+07 2.9712e+07 4.1874e+07 3.1842e+07 3.7887e+07
   5.0000 2.9280e+07 1.8165e+07 4.8193e+07 1.9282e+07 4.7155e+07 2.5107e+07 3.4937e+07 2.6795e+07 3.1766e+07
   5.2500 2.4698e+07 1.5788e+07 4.0076e+07 1.6722e+07 3.9231e+07 2.1302e+07 2.9286e+07 2.2640e+07 2.6757e+07
   5.5000 2.0923e+07 1.3735e+07 3.3494e+07 1.4519e+07 3.2802e+07 1.8146e+07 2.4662e+07 1.9206e+07 2.2640e+07
   5.7500 1.7799e+07 1.1918e+07 2.8134e+07 1.2574e+07 2.7564e+07 1.5516e+07 2.0863e+07 1.6358e+07 1.9239e+07
   6.0000 1.5202e+07 1.0277e+07 2.3746e+07 1.0817e+07 2.3273e+07 1.3317e+07 1.7726e+07 1.3986e+07 1.6418e+07
   6.2500 1.3033e+07 8.8900e+06 2.0133e+07 9.3377e+06 1.9739e+07 1.1470e+07 1.5123e+07 1.2001e+07 1.4065e+07
   6.5000 1.1215e+07 7.7153e+06 1.7143e+07 8.0881e+06 1.6814e+07 9.9131e+06 1.2953e+07 1.0335e+07 1.2096e+07
   6.7500 9.6851e+06 6.7166e+06 1.4657e+07 7.0287e+06 1.4380e+07 8.5963e+06 1.1137e+07 8.9303e+06 1.0440e+07
   7.0000 8.3924e+06 5.8643e+06 1.2580e+07 6.1268e+06 1.2346e+07 7.4783e+06 9.6099e+06 7.7424e+06 9.0424e+06
   7.2500 7.2960e+06 5.1346e+06 1.0838e+07 5.3564e+06 1.0639e+07 6.5256e+06 8.3214e+06 6.7338e+06 7.8581e+06
   7.5000 6.3625e+06 4.5080e+06 9.3699e+06 4.6962e+06 9.2006e+06 5.7110e+06 7.2296e+06 5.8743e+06 6.8507e+06
   7.7500 5.5650e+06 3.9684e+06 8.1284e+06 4.1289e+06 7.9833e+06 5.0121e+06 6.3009e+06 5.1395e+06 5.9906e+06
   8.0000 4.8814e+06 3.5024e+06 7.0743e+06 3.6399e+06 6.9496e+06 4.4106e+06 5.5081e+06 4.5091e+06 5.2537e+06
   8.2500 4.2938e+06 3.0990e+06 6.1764e+06 3.2172e+06 6.0688e+06 3.8917e+06 4.8295e+06 3.9670e+06 4.6207e+06
   8.5000 3.7875e+06 2.7487e+06 5.4089e+06 2.8508e+06 5.3155e+06 3.4428e+06 4.2470e+06 3.4996e+06 4.0753e+06
   8.7500 3.3496e+06 2.4437e+06 4.7506e+06 2.5322e+06 4.6693e+06 3.0532e+06 3.7452e+06 3.0953e+06 3.6039e+06
   9.0000 2.9698e+06 2.1775e+06 4.1843e+06 2.2545e+06 4.1133e+06 2.7142e+06 3.3115e+06 2.7445e+06 3.1951e+06
   9.2500 2.6394e+06 1.9444e+06 3.6957e+06 2.0116e+06 3.6334e+06 2.4183e+06 2.9354e+06 2.4392e+06 2.8396e+06
   9.5000 2.3512e+06 1.7399e+06 3.2729e+06 1.7989e+06 3.2181e+06 2.1594e+06 2.6085e+06 2.1728e+06 2.5296e+06
   9.7500 2.0990e+06 1.5600e+06 2.9060e+06 1.6119e+06 2.8577e+06 1.9322e+06 2.3233e+06 1.9397e+06 2.2584e+06
  10.0000 1.8780e+06 1.4016e+06 2.5864e+06 1.4474e+06 2.5436e+06 1.7324e+06 2.0740e+06 1.7353e+06 2.0207e+06
  10.2500 1.6838e+06 1.2616e+06 2.3070e+06 1.3022e+06 2.2690e+06 1.5564e+06 1.8556e+06 1.5557e+06 1.8118e+06
  10.5000 1.5127e+06 1.1378e+06 2.0622e+06 1.1738e+06 2.0283e+06 1.4011e+06 1.6638e+06 1.3975e+06 1.6279e+06
  10.7500 1.3616e+06 1.0279e+06 1.8472e+06 1.0600e+06 1.8169e+06 1.2636e+06 1.4948e+06 1.2578e+06 1.4655e+06
  11.0000 1.2280e+06 9.3026e+05 1.6580e+06 9.5895e+05 1.6308e+06 1.1416e+06 1.3456e+06 1.1342e+06 1.3218e+06
  11.2500 1.1095e+06 8.4328e+05 1.4911e+06 8.6898e+05 1.4667e+06 1.0332e+06 1.2136e+06 1.0246e+06 1.1944e+06
  11.5000 1.0042e+06 7.6567e+05 1.3437e+06 7.8875e+05 1.3217e+06 9.3667e+05 1.0966e+06 9.2726e+05 1.0811e+06
  11.7500 9.1042e+05 6.9627e+05 1.2133e+06 7.1705e+05 1.1934e+06 8.5055e+05 9.9268e+05 8.4056e+05 9.8028e+05
  12.0000 8.2677e+05 6.3412e+05 1.0976e+06 6.5287e+05 1.0796e+06 7.7356e+05 9.0012e+05 7.6322e+05 8.9032e+05
  12.2500 7.5201e+05 5.7839e+05 9.9456e+05 5.9534e+05 9.7825e+05 7.0462e+05 8.1754e+05 6.9410e+05 8.0992e+05
  12.5000 6.8506e+05 5.2832e+05 9.0271e+05 5.4369e+05 8.8788e+05 6.4277e+05 7.4374e+05 6.3221e+05 7.3791e+05
  12.7500 6.2500e+05 4.8327e+05 8.2064e+05 4.9723e+05 8.0712e+05 5.8719e+05 6.7764e+05 5.7669e+05 6.7331e+05
  13.0000 5.7103e+05 4.4266e+05 7.4719e+05 4.5538e+05 7.3485e+05 5.3716e+05 6.1836e+05 5.2681e+05 6.1526e+05
  13.2500 5.2246e+05 4.0600e+05 6.8134e+05 4.1760e+05 6.7005e+05 4.9205e+05 5.6508e+05 4.8191e+05 5.6300e+05
  13.5000 4.7866e+05 3.7284e+05 6.2221e+05 3.8346e+05 6.1186e+05 4.5133e+05 5.1712e+05 4.4144e+05 5.1589e+05
  13.7500 4.3912e+05 3.4282e+05 5.6902e+05 3.5254e+05 5.5952e+05 4.1450e+05 4.7388e+05 4.0490e+05 4.7334e+05
  14.0000 4.0336e+05 3.1560e+05 5.2112e+05 3.2452e+05 5.1238e+05 3.8114e+05 4.3483e+05 3.7186e+05 4.3486e+05
  14.2500 3.7098e+05 2.9087e+05 4.7791e+05 2.9907e+05 4.6985e+05 3.5089e+05 3.9952e+05 3.4194e+05 4.0001e+05
  14.5000 3.4161e+05 2.6838e+05 4.3887e+05 2.7593e+05 4.3144e+05 3.2342e+05 3.6754e+05 3.1481e+05 3.6840e+05
  14.7500 3.1493e+05 2.4791e+05 4.0353e+05 2.5487e+05 3.9666e+05 2.9844e+05 3.3853e+05 2.9018e+05 3.3968e+05
  15.0000 2.9067e+05 2.2925e+05 3.7149e+05 2.3568e+05 3.6513e+05 2.7569e+05 3.1217e+05 2.6777e+05 3.1356e+05
  15.2500 2.6857e+05 2.1222e+05 3.4239e+05 2.1816e+05 3.3651e+05 2.5495e+05 2.8819e+05 2.4737e+05 2.8977e+05
  15.5000 2.4842e+05 1.9665e+05 3.1594e+05 2.0216e+05 3.1048e+05 2.3602e+05 2.6635e+05 2.2877e+05 2.6806e+05
  15.7500 2.3002e+05 1.8241e+05 2.9187e+05 1.8751e+05 2.8679e+05 2.1871e+05 2.4643e+05 2.1180e+05 2.4825e+05
  16.0000 2.1321e+05 1.6936e+05 2.6992e+05 1.7410e+05 2.6520e+05 2.0288e+05 2.2825e+05 1.9628e+05 2.3014e+05
  16.2500 1.9782e+05 1.5740e+05 2.4989e+05 1.6180e+05 2.4550e+05 1.8838e+05 2.1162e+05 1.8209e+05 2.1356e+05
  16.5000 1.8373e+05 1.4641e+05 2.3158e+05 1.5051e+05 2.2749e+05 1.7508e+05 1.9640e+05 1.6909e+05 1.9837e+05
  16.7500 1.7080e+05 1.3632e+05 2.1484e+05 1.4014e+05 2.1102e+05 1.6287e+05 1.8246e+05 1.5717e+05 1.8443e+05
  17.0000 1.5894e+05 1.2704e+05 1.9950e+05 1.3059e+05 1.9593e+05 1.5166e+05 1.6968e+05 1.4624e+05 1.7164e+05
  17.2500 1.4804e+05 1.1848e+05 1.8544e+05 1.2180e+05 1.8210e+05 1.4135e+05 1.5794e+05 1.3619e+05 1.5988e+05
  17.5000 1.3801e+05 1.1060e+05 1.7253e+05 1.1370e+05 1.6940e+05 1.3185e+05 1.4714e+05 1.2694e+05 1.4907e+05
  17.7500 1.2877e+05 1.0333e+05 1.6066e+05 1.0622e+05 1.5774e+05 1.2310e+05 1.3721e+05 1.1843e+05 1.3910e+05
  18.0000 1.2024e+05 9.6610e+04 1.4975e+05 9.9319e+04 1.4700e+05 1.1502e+05 1.2806e+05 1.1058e+05 1.2991e+05
  18.2500 1.1238e+05 9.0398e+04 1.3970e+05 9.2935e+04 1.3712e+05 1.0755e+05 1.1961e+05 1.0333e+05 1.2142e+05
  18.5000 1.0510e+05 8.4650e+04 1.3043e+05 8.7028e+04 1.2801e+05 1.0064e+05 1.1181e+05 9.6632e+04 1.1357e+05
  18.7500 9.8372e+04 7.9326e+04 1.2187e+05 8.1558e+04 1.1960e+05 9.4244e+04 1.0460e+05 9.0435e+04 1.0631e+05
  19.0000 9.2142e+04 7.4390e+04 1.1397e+05 7.6486e+04 1.1183e+05 8.8319e+04 9.7926e+04 8.4698e+04 9.9586e+04
  19.2500 8.6370e+04 6.9811e+04 1.0667e+05 7.1782e+04 1.0466e+05 8.2825e+04 9.1748e+04 7.9383e+04 9.3356e+04
  19.5000 8.1017e+04 6.5559e+04 9.9909e+04 6.7414e+04 9.8011e+04 7.7727e+04 8.6023e+04 7.4454e+04 8.7578e+04
  19.7500 7.6049e+04 6.1608e+04 9.3648e+04 6.3354e+04 9.1858e+04 7.2993e+04 8.0714e+04 6.9881e+04 8.2216e+04
  20.0000 7.1435e+04 5.7934e+04 8.7843e+04 5.9579e+04 8.6154e+04 6.8594e+04 7.5785e+04 6.5635e+04 7.7234e+04
  20.2500 6.7147e+04 5.4514e+04 8.2456e+04 5.6066e+04 8.0862e+04 6.4502e+04 7.1207e+04 6.1688e+04 7.2604e+04
  20.5000 6.3158e+04 5.1329e+04 7.7455e+04 5.2793e+04 7.5949e+04 6.0695e+04 6.6951e+04 5.8018e+04 6.8297e+04
  20.7500 5.9445e+04 4.8361e+04 7.2806e+04 4.9743e+04 7.1382e+04 5.7149e+04 6.2991e+04 5.4602e+04 6.4287e+04
  21.0000 5.5987e+04 4.5592e+04 6.8482e+04 4.6897e+04 6.7135e+04 5.3845e+04 5.9305e+04 5.1422e+04 6.0551e+04
  21.2500 5.2764e+04 4.3008e+04 6.4456e+04 4.4242e+04 6.3181e+04 5.0764e+04 5.5871e+04 4.8457e+04 5.7069e+04
  21.5000 4.9757e+04 4.0595e+04 6.0706e+04 4.1761e+04 5.9498e+04 4.7888e+04 5.2669e+04 4.5693e+04 5.3820e+04
  21.7500 4.6949e+04 3.8338e+04 5.7210e+04 3.9441e+04 5.6065e+04 4.5201e+04 4.9680e+04 4.3112e+04 5.0786e+04
  22.0000 4.4325e+04 3.6227e+04 5.3948e+04 3.7271e+04 5.2863e+04 4.2690e+04 4.6889e+04 4.0700e+04 4.7950e+04
  22.2500 4.1872e+04 3.4251e+04 5.0903e+04 3.5240e+04 4.9873e+04 4.0340e+04 4.4280e+04 3.8444e+04 4.5298e+04
  22.5000 3.9576e+04 3.2400e+04 4.8057e+04 3.3337e+04 4.7080e+04 3.8140e+04 4.1839e+04 3.6334e+04 4.2816e+04
  22.7500 3.7426e+04 3.0665e+04 4.5397e+04 3.1553e+04 4.4468e+04 3.6079e+04 3.9555e+04 3.4359e+04 4.0492e+04
  23.0000 3.5412e+04 2.9038e+04 4.2908e+04 2.9880e+04 4.2026e+04 3.4147e+04 3.7416e+04 3.2508e+04 3.8315e+04
  23.2500 3.3524e+04 2.7511e+04 4.0577e+04 2.8310e+04 3.9739e+04 3.2336e+04 3.5412e+04 3.0773e+04 3.6273e+04
  23.5000 3.1752e+04 2.6077e+04 3.8394e+04 2.6836e+04 3.7597e+04 3.0635e+04 3.3532e+04 2.9146e+04 3.4358e+04
  23.7500 3.0090e+04 2.4730e+04 3.6348e+04 2.5452e+04 3.5589e+04 2.9039e+04 3.1768e+04 2.7618e+04 3.2560e+04
  24.0000 2.8528e+04 2.3464e+04 3.4428e+04 2.4150e+04 3.3706e+04 2.7539e+04 3.0112e+04 2.6184e+04 3.0871e+04
  24.2500 2.7061e+04 2.2274e+04 3.2627e+04 2.2925e+04 3.1939e+04 2.6129e+04 2.8557e+04 2.4836e+04 2.9284e+04
  24.5000 2.5681e+04 2.1153e+04 3.0935e+04 2.1773e+04 3.0280e+04 2.4803e+04 2.7095e+04 2.3569e+04 2.7792e+04
  24.7500 2.4383e+04 2.0098e+04 2.9345e+04 2.0688e+04 2.8720e+04 2.3555e+04 2.5720e+04 2.2378e+04 2.6388e+04
  25.0000 2.3162e+04 1.9105e+04 2.7850e+04 1.9666e+04 2.7255e+04 2.2380e+04 2.4426e+04 2.1256e+04 2.5066e+04
  25.2500 2.2011e+04 1.8168e+04 2.6443e+04 1.8704e+04 2.5876e+04 2.1273e+04 2.3208e+04 2.0200e+04 2.3822e+04
  25.5000 2.0927e+04 1.7286e+04 2.5120e+04 1.7795e+04 2.4578e+04 2.0230e+04 2.2060e+04 1.9204e+04 2.2649e+04
  25.7500 1.9905e+04 1.6453e+04 2.3873e+04 1.6939e+04 2.3356e+04 1.9246e+04 2.0979e+04 1.8266e+04 2.1543e+04
  26.0000 1.8941e+04 1.5667e+04 2.2698e+04 1.6130e+04 2.2204e+04 1.8318e+04 1.9959e+04 1.7382e+04 2.0500e+04
  26.2500 1.8032e+04 1.4924e+04 2.1590e+04 1.5366e+04 2.1118e+04 1.7442e+04 1.8997e+04 1.6547e+04 1.9516e+04
  26.5000 1.7173e+04 1.4223e+04 2.0545e+04 1.4645e+04 2.0094e+04 1.6614e+04 1.8089e+04 1.5758e+04 1.8586e+04
  26.7500 1.6361e+04 1.3559e+04 1.9559e+04 1.3962e+04 1.9128e+04 1.5833e+04 1.7231e+04 1.5014e+04 1.7708e+04
  27.0000 1.5594e+04 1.2932e+04 1.8628e+04 1.3316e+04 1.8216e+04 1.5093e+04 1.6420e+04 1.4310e+04 1.6878e+04
  27.2500 1.4869e+04 1.2338e+04 1.7748e+04 1.2705e+04 1.7354e+04 1.4394e+04 1.5654e+04 1.3644e+04 1.6093e+04
  27.5000 1.4183e+04 1.1775e+04 1.6917e+04 1.2127e+04 1.6540e+04 1.3732e+04 1.4930e+04 1.3015e+04 1.5351e+04
  27.7500 1.3534e+04 1.1243e+04 1.6131e+04 1.1578e+04 1.5770e+04 1.3106e+04 1.4244e+04 1.2419e+04 1.4648e+04
  28.0000 1.2919e+04 1.0738e+04 1.5388e+04 1.1059e+04 1.5042e+04 1.2513e+04 1.3594e+04 1.1855e+04 1.3983e+04
  28.2500 1.2337e+04 1.0260e+04 1.4684e+04 1.0567e+04 1.4353e+04 1.1951e+04 1.2980e+04 1.1321e+04 1.3352e+04
  28.5000 1.1785e+04 9.8061e+03 1.4018e+04 1.0100e+04 1.3700e+04 1.1418e+04 1.2397e+04 1.0815e+04 1.2755e+04
  28.7500 1.1262e+04 9.3756e+03 1.3386e+04 9.6566e+03 1.3082e+04 1.0913e+04 1.1845e+04 1.0335e+04 1.2189e+04
  29.0000 1.0765e+04 8.9671e+03 1.2788e+04 9.2361e+03 1.2497e+04 1.0434e+04 1.1321e+04 9.8794e+03 1.1651e+04
  29.2500 1.0295e+04 8.5792e+03 1.2221e+04 8.8368e+03 1.1942e+04 9.9788e+03 1.0824e+04 9.4475e+03 1.1142e+04
  29.5000 9.8476e+03 8.2108e+03 1.1683e+04 8.4575e+03 1.1415e+04 9.5469e+03 1.0353e+04 9.0375e+03 1.0658e+04
  29.7500 9.4231e+03 7.8608e+03 1.1173e+04 8.0971e+03 1.0916e+04 9.1368e+03 9.9053e+03 8.6481e+03 1.0198e+04
  30.0000 9.0199e+03 7.5281e+03 1.0688e+04 7.7546e+03 1.0442e+04 8.7470e+03 9.4801e+03 8.2783e+03 9.7616e+03
  30.2500 8.6367e+03 7.2117e+03 1.0228e+04 7.4288e+03 9.9912e+03 8.3765e+03 9.0761e+03 7.9268e+03 9.3467e+03
  30.5000 8.2724e+03 6.9108e+03 9.7907e+03 7.1190e+03 9.5635e+03 8.0243e+03 8.6921e+03 7.5926e+03 8.9523e+03
  30.7500 7.9259e+03 6.6244e+03 9.3752e+03 6.8241e+03 9.1570e+03 7.6892e+03 8.3269e+03 7.2748e+03 8.5771e+03
  31.0000 7.5962e+03 6.3519e+03 8.9801e+03 6.5435e+03 8.7706e+03 7.3703e+03 7.9795e+03 6.9725e+03 8.2201e+03
  31.2500 7.2825e+03 6.0924e+03 8.6044e+03 6.2763e+03 8.4030e+03 7.0668e+03 7.6490e+03 6.6847e+03 7.8804e+03
  31.5000 6.9837e+03 5.8452e+03 8.2468e+03 6.0218e+03 8.0533e+03 6.7778e+03 7.3343e+03 6.4107e+03 7.5569e+03
  31.7500 6.6992e+03 5.6097e+03 7.9065e+03 5.7792e+03 7.7204e+03 6.5024e+03 7.0346e+03 6.1498e+03 7.2488e+03
  32.0000 6.4281e+03 5.3852e+03 7.5824e+03 5.5480e+03 7.4035e+03 6.2401e+03 6.7491e+03 5.9011e+03 6.9553e+03
  32.2500 6.1698e+03 5.1711e+03 7.2738e+03 5.3275e+03 7.1018e+03 5.9899e+03 6.4771e+03 5.6642e+03 6.6755e+03
  32.5000 5.9235e+03 4.9668e+03 6.9798e+03 5.1172e+03 6.8143e+03 5.7515e+03 6.2179e+03 5.4382e+03 6.4088e+03
  32.7500 5.6886e+03 4.7719e+03 6.6995e+03 4.9164e+03 6.5403e+03 5.5240e+03 5.9706e+03 5.2228e+03 6.1544e+03
  33.0000 5.4644e+03 4.5859e+03 6.4323e+03 4.7248e+03 6.2791e+03 5.3070e+03 5.7348e+03 5.0172e+03 5.9118e+03
  33.2500 5.2506e+03 4.4083e+03 6.1775e+03 4.5419e+03 6.0300e+03 5.0998e+03 5.5097e+03 4.8211e+03 5.6802e+03
  33.5000 5.0464e+03 4.2386e+03 5.9344e+03 4.3671e+03 5.7924e+03 4.9020e+03 5.2950e+03 4.6338e+03 5.4591e+03
  33.7500 4.8514e+03 4.0765e+03 5.7024e+03 4.2001e+03 5.5656e+03 4.7131e+03 5.0899e+03 4.4549e+03 5.2480e+03
  34.0000 4.6652e+03 3.9216e+03 5.4810e+03 4.0405e+03 5.3492e+03 4.5327e+03 4.8940e+03 4.2841e+03 5.0464e+03
  34.2500 4.4872e+03 3.7735e+03 5.2695e+03 3.8880e+03 5.1425e+03 4.3602e+03 4.7069e+03 4.1209e+03 4.8537e+03
  34.5000 4.3171e+03 3.6318e+03 5.0674e+03 3.7421e+03 4.9451e+03 4.1954e+03 4.5281e+03 3.9648e+03 4.6695e+03
  34.7500 4.1545e+03 3.4964e+03 4.8744e+03 3.6025e+03 4.7564e+03 4.0377e+03 4.3571e+03 3.8157e+03 4.4934e+03
  35.0000 3.9990e+03 3.3668e+03 4.6899e+03 3.4690e+03 4.5761e+03 3.8870e+03 4.1937e+03 3.6730e+03 4.3251e+03
  35.2500 3.8502e+03 3.2427e+03 4.5134e+03 3.3412e+03 4.4038e+03 3.7427e+03 4.0373e+03 3.5365e+03 4.1640e+03
  35.5000 3.7079e+03 3.1240e+03 4.3447e+03 3.2188e+03 4.2389e+03 3.6047e+03 3.8877e+03 3.4059e+03 4.0098e+03
  35.7500 3.5716e+03 3.0102e+03 4.1833e+03 3.1017e+03 4.0812e+03 3.4725e+03 3.7445e+03 3.2809e+03 3.8623e+03
  36.0000 3.4411e+03 2.9013e+03 4.0288e+03 2.9894e+03 3.9303e+03 3.3459e+03 3.6074e+03 3.1612e+03 3.7211e+03
  36.2500 3.3162e+03 2.7969e+03 3.8809e+03 2.8819e+03 3.7859e+03 3.2247e+03 3.4762e+03 3.0466e+03 3.5858e+03
  36.5000 3.1964e+03 2.6969e+03 3.7393e+03 2.7789e+03 3.6476e+03 3.1086e+03 3.3504e+03 2.9368e+03 3.4562e+03
  36.7500 3.0817e+03 2.6010e+03 3.6037e+03 2.6801e+03 3.5152e+03 2.9973e+03 3.2300e+03 2.8315e+03 3.3320e+03
  37.0000 2.9718e+03 2.5091e+03 3.4738e+03 2.5854e+03 3.3883e+03 2.8906e+03 3.1145e+03 2.7306e+03 3.2130e+03
  37.2500 2.8664e+03 2.4209e+03 3.3493e+03 2.4945e+03 3.2667e+03 2.7883e+03 3.0038e+03 2.6339e+03 3.0989e+03
  37.5000 2.7653e+03 2.3364e+03 3.2300e+03 2.4074e+03 3.1502e+03 2.6902e+03 2.8977e+03 2.5412e+03 2.9895e+03
  37.7500 2.6683e+03 2.2552e+03 3.1155e+03 2.3238e+03 3.0384e+03 2.5960e+03 2.7959e+03 2.4522e+03 2.8845e+03
  38.0000 2.5753e+03 2.1773e+03 3.0058e+03 2.2435e+03 2.9313e+03 2.5057e+03 2.6983e+03 2.3669e+03 2.7838e+03
  38.2500 2.4860e+03 2.1025e+03 2.9005e+03 2.1664e+03 2.8285e+03 2.4190e+03 2.6046e+03 2.2849e+03 2.6872e+03
  38.5000 2.4003e+03 2.0307e+03 2.7995e+03 2.0924e+03 2.7299e+03 2.3358e+03 2.5146e+03 2.2063e+03 2.5944e+03
  38.7500 2.3180e+03 1.9618e+03 2.7025e+03 2.0214e+03 2.6352e+03 2.2559e+03 2.4282e+03 2.1308e+03 2.5053e+03
  39.0000 2.2390e+03 1.8955e+03 2.6095e+03 1.9531e+03 2.5444e+03 2.1791e+03 2.3453e+03 2.0583e+03 2.4198e+03
  39.2500 2.1631e+03 1.8318e+03 2.5201e+03 1.8875e+03 2.4572e+03 2.1054e+03 2.2657e+03 1.9886e+03 2.3376e+03
  39.5000 2.0902e+03 1.7706e+03 2.4343e+03 1.8244e+03 2.3734e+03 2.0345e+03 2.1892e+03 1.9217e+03 2.2587e+03
  39.7500 2.0201e+03 1.7118e+03 2.3519e+03 1.7638e+03 2.2930e+03 1.9664e+03 2.1157e+03 1.8574e+03 2.1828e+03
  40.0000 1.9527e+03 1.6552e+03 2.2727e+03 1.7055e+03 2.2157e+03 1.9010e+03 2.0450e+03 1.7955e+03 2.1099e+03
  40.2500 1.8880e+03 1.6008e+03 2.1966e+03 1.6494e+03 2.1414e+03 1.8380e+03 1.9770e+03 1.7361e+03 2.0398e+03
  40.5000 1.8257e+03 1.5484e+03 2.1234e+03 1.5955e+03 2.0700e+03 1.7775e+03 1.9117e+03 1.6789e+03 1.9724e+03
  40.7500 1.7658e+03 1.4981e+03 2.0530e+03 1.5436e+03 2.0013e+03 1.7192e+03 1.8489e+03 1.6239e+03 1.9076e+03
  41.0000 1.7081e+03 1.4496e+03 1.9854e+03 1.4936e+03 1.9353e+03 1.6632e+03 1.7885e+03 1.5710e+03 1.8452e+03
  41.2500 1.6527e+03 1.4029e+03 1.9203e+03 1.4455e+03 1.8719e+03 1.6093e+03 1.7303e+03 1.5200e+03 1.7852e+03
  41.5000 1.5993e+03 1.3580e+03 1.8578e+03 1.3992e+03 1.8108e+03 1.5574e+03 1.6743e+03 1.4710e+03 1.7275e+03
  41.7500 1.5479e+03 1.3147e+03 1.7975e+03 1.3546e+03 1.7520e+03 1.5074e+03 1.6205e+03 1.4238e+03 1.6719e+03
  42.0000 1.4984e+03 1.2730e+03 1.7395e+03 1.3117e+03 1.6955e+03 1.4593e+03 1.5686e+03 1.3784e+03 1.6184e+03
  42.2500 1.4508e+03 1.2329e+03 1.6837e+03 1.2703e+03 1.6410e+03 1.4130e+03 1.5186e+03 1.3346e+03 1.5668e+03
  42.5000 1.4049e+03 1.1942e+03 1.6300e+03 1.2305e+03 1.5886e+03 1.3683e+03 1.4705e+03 1.2925e+03 1.5172e+03
  42.7500 1.3606e+03 1.1569e+03 1.5782e+03 1.1920e+03 1.5381e+03 1.3253e+03 1.4242e+03 1.2518e+03 1.4693e+03
  43.0000 1.3180e+03 1.1210e+03 1.5283e+03 1.1550e+03 1.4894e+03 1.2839e+03 1.3795e+03 1.2127e+03 1.4232e+03
  43.2500 1.2770e+03 1.0863e+03 1.4803e+03 1.1193e+03 1.4426e+03 1.2439e+03 1.3365e+03 1.1750e+03 1.3788e+03
  43.5000 1.2373e+03 1.0529e+03 1.4340e+03 1.0849e+03 1.3974e+03 1.2054e+03 1.2950e+03 1.1386e+03 1.3360e+03
  43.7500 1.1992e+03 1.0207e+03 1.3894e+03 1.0517e+03 1.3539e+03 1.1683e+03 1.2550e+03 1.1035e+03 1.2947e+03
  44.0000 1.1623e+03 9.8956e+02 1.3463e+03 1.0196e+03 1.3119e+03 1.1324e+03 1.2164e+03 1.0697e+03 1.2549e+03
  44.2500 1.1268e+03 9.5956e+02 1.3049e+03 9.8870e+02 1.2715e+03 1.0979e+03 1.1792e+03 1.0371e+03 1.2165e+03
  44.5000 1.0926e+03 9.3061e+02 1.2648e+03 9.5887e+02 1.2324e+03 1.0645e+03 1.1433e+03 1.0056e+03 1.1794e+03
  44.7500 1.0595e+03 9.0266e+02 1.2262e+03 9.3007e+02 1.1948e+03 1.0324e+03 1.1086e+03 9.7519e+02 1.1437e+03
  45.0000 1.0276e+03 8.7569e+02 1.1890e+03 9.0228e+02 1.1585e+03 1.0013e+03 1.0752e+03 9.4586e+02 1.1092e+03
  45.2500 9.9680e+02 8.4964e+02 1.1531e+03 8.7544e+02 1.1235e+03 9.7133e+02 1.0429e+03 9.1755e+02 1.0759e+03
  45.5000 9.6706e+02 8.2449e+02 1.1184e+03 8.4952e+02 1.0896e+03 9.4239e+02 1.0118e+03 8.9022e+02 1.0437e+03
  45.7500 9.3835e+02 8.0019e+02 1.0849e+03 8.2449e+02 1.0570e+03 9.1444e+02 9.8171e+02 8.6383e+02 1.0127e+03
  46.0000 9.1061e+02 7.7672e+02 1.0526e+03 8.0031e+02 1.0255e+03 8.8744e+02 9.5266e+02 8.3834e+02 9.8273e+02
  46.2500 8.8382e+02 7.5404e+02 1.0214e+03 7.7695e+02 9.9502e+02 8.6137e+02 9.2460e+02 8.1371e+02 9.5377e+02
  46.5000 8.5794e+02 7.3213e+02 9.9123e+02 7.5437e+02 9.6562e+02 8.3617e+02 8.9750e+02 7.8992e+02 9.2581e+02
  46.7500 8.3293e+02 7.1095e+02 9.6210e+02 7.3255e+02 9.3722e+02 8.1183e+02 8.7131e+02 7.6692e+02 8.9878e+02
  47.0000 8.0876e+02 6.9048e+02 9.3397e+02 7.1146e+02 9.0978e+02 7.8830e+02 8.4600e+02 7.4470e+02 8.7267e+02
  47.2500 7.8540e+02 6.7068e+02 9.0678e+02 6.9106e+02 8.8327e+02 7.6555e+02 8.2154e+02 7.2323e+02 8.4743e+02
  47.5000 7.6282e+02 6.5154e+02 8.8050e+02 6.7134e+02 8.5765e+02 7.4357e+02 7.9790e+02 7.0246e+02 8.2303e+02
  47.7500 7.4099e+02 6.3303e+02 8.5511e+02 6.5227e+02 8.3289e+02 7.2231e+02 7.7504e+02 6.8238e+02 7.9945e+02
  48.0000 7.1987e+02 6.1513e+02 8.3055e+02 6.3382e+02 8.0895e+02 7.0175e+02 7.5293e+02 6.6297e+02 7.7664e+02
  48.2500 6.9945e+02 5.9781e+02 8.0682e+02 6.1598e+02 7.8581e+02 6.8187e+02 7.3155e+02 6.4419e+02 7.5459e+02
  48.5000 6.7970e+02 5.8104e+02 7.8386e+02 5.9871e+02 7.6343e+02 6.6263e+02 7.1087e+02 6.2602e+02 7.3325e+02
  48.7500 6.6059e+02 5.6483e+02 7.6166e+02 5.8200e+02 7.4178e+02 6.4403e+02 6.9087e+02 6.0844e+02 7.1262e+02
  49.0000 6.4210e+02 5.4913e+02 7.4019e+02 5.6583e+02 7.2085e+02 6.2602e+02 6.7151e+02 5.9143e+02 6.9265e+02
  49.2500 6.2421e+02 5.3393e+02 7.1941e+02 5.5017e+02 7.0060e+02 6.0859e+02 6.5278e+02 5.7497e+02 6.7333e+02
  49.5000 6.0689e+02 5.1922e+02 6.9931e+02 5.3501e+02 6.8100e+02 5.9173e+02 6.3465e+02 5.5904e+02 6.5462e+02
  49.7500 5.9013e+02 5.0497e+02 6.7985e+02 5.2034e+02 6.6203e+02 5.7540e+02 6.1710e+02 5.4361e+02 6.3652e+02
  50.0000 5.7389e+02 4.9114e+02 6.6102e+02 5.0608e+02 6.4367e+02 5.5959e+02 6.0011e+02 5.2868e+02 6.1900e+02
  50.2500 5.5818e+02 4.7771e+02 6.4279e+02 4.9222e+02 6.2590e+02 5.4428e+02 5.8366e+02 5.1421e+02 6.0203e+02
  50.5000 5.4295e+02 4.6469e+02 6.2514e+02 4.7880e+02 6.0870e+02 5.2945e+02 5.6773e+02 5.0020e+02 5.8560e+02
  50.7500 5.2821e+02 4.5208e+02 6.0805e+02 4.6580e+02 5.9204e+02 5.1509e+02 5.5230e+02 4.8663e+02 5.6968e+02
  51.0000 5.1393e+02 4.3987e+02 5.9150e+02 4.5321e+02 5.7591e+02 5.0118e+02 5.3735e+02 4.7349e+02 5.5427e+02
  51.2500 5.0009e+02 4.2803e+02 5.7547e+02 4.4100e+02 5.6028e+02 4.8770e+02 5.2287e+02 4.6075e+02 5.3933e+02
  51.5000 4.8668e+02 4.1656e+02 5.5993e+02 4.2918e+02 5.4514e+02 4.7463e+02 5.0883e+02 4.4840e+02 5.2486e+02
  51.7500 4.7368e+02 4.0545e+02 5.4488e+02 4.1772e+02 5.3047e+02 4.6197e+02 4.9523e+02 4.3644e+02 5.1084e+02
  52.0000 4.6109e+02 3.9467e+02 5.3030e+02 4.0661e+02 5.1626e+02 4.4970e+02 4.8205e+02 4.2484e+02 4.9724e+02
  52.2500 4.4888e+02 3.8423e+02 5.1618e+02 3.9585e+02 5.0250e+02 4.3781e+02 4.6927e+02 4.1360e+02 4.8407e+02
  52.5000 4.3704e+02 3.7410e+02 5.0251e+02 3.8540e+02 4.8919e+02 4.2627e+02 4.5688e+02 4.0269e+02 4.7130e+02
  52.7500 4.2556e+02 3.6428e+02 4.8926e+02 3.7528e+02 4.7628e+02 4.1508e+02 4.4487e+02 3.9212e+02 4.5891e+02
  53.0000 4.1442e+02 3.5475e+02 4.7641e+02 3.6546e+02 4.6376e+02 4.0424e+02 4.3322e+02 3.8187e+02 4.4690e+02
  53.2500 4.0362e+02 3.4551e+02 4.6395e+02 3.5594e+02 4.5163e+02 3.9371e+02 4.2192e+02 3.7192e+02 4.3525e+02
  53.5000 3.9315e+02 3.3655e+02 4.5187e+02 3.4670e+02 4.3986e+02 3.8351e+02 4.1096e+02 3.6227e+02 4.2395e+02
  53.7500 3.8299e+02 3.2785e+02 4.4014e+02 3.3774e+02 4.2844e+02 3.7361e+02 4.0033e+02 3.5291e+02 4.1299e+02
  54.0000 3.7312e+02 3.1941e+02 4.2877e+02 3.2904e+02 4.1736e+02 3.6400e+02 3.9001e+02 3.4382e+02 4.0236e+02
  54.2500 3.6355e+02 3.1122e+02 4.1774e+02 3.2060e+02 4.0661e+02 3.5467e+02 3.8000e+02 3.3500e+02 3.9204e+02
  54.5000 3.5427e+02 3.0327e+02 4.0703e+02 3.1241e+02 3.9618e+02 3.4562e+02 3.7029e+02 3.2645e+02 3.8202e+02
  54.7500 3.4525e+02 2.9555e+02 3.9664e+02 3.0446e+02 3.8605e+02 3.3683e+02 3.6086e+02 3.1814e+02 3.7231e+02
  55.0000 3.3650e+02 2.8806e+02 3.8655e+02 2.9674e+02 3.7623e+02 3.2830e+02 3.5170e+02 3.1007e+02 3.6287e+02
  55.2500 3.2800e+02 2.8079e+02 3.7676e+02 2.8925e+02 3.6669e+02 3.2002e+02 3.4281e+02 3.0224e+02 3.5371e+02
  55.5000 3.1975e+02 2.7372e+02 3.6725e+02 2.8197e+02 3.5743e+02 3.1198e+02 3.3419e+02 2.9463e+02 3.4482e+02
  55.7500 3.1174e+02 2.6686e+02 3.5802e+02 2.7490e+02 3.4843e+02 3.0417e+02 3.2580e+02 2.8724e+02 3.3618e+02
  56.0000 3.0395e+02 2.6020e+02 3.4905e+02 2.6804e+02 3.3970e+02 2.9658e+02 3.1766e+02 2.8007e+02 3.2779e+02
  56.2500 2.9639e+02 2.5373e+02 3.4034e+02 2.6137e+02 3.3121e+02 2.8922e+02 3.0976e+02 2.7310e+02 3.1964e+02
  56.5000 2.8905e+02 2.4744e+02 3.3189e+02 2.5490e+02 3.2298e+02 2.8206e+02 3.0208e+02 2.6632e+02 3.1173e+02
  56.7500 2.8191e+02 2.4132e+02 3.2367e+02 2.4860e+02 3.1497e+02 2.7510e+02 2.9461e+02 2.5974e+02 3.0404e+02
  57.0000 2.7498e+02 2.3538e+02 3.1569e+02 2.4249e+02 3.0719e+02 2.6834e+02 2.8736e+02 2.5335e+02 2.9657e+02
  57.2500 2.6824e+02 2.2961e+02 3.0793e+02 2.3654e+02 2.9963e+02 2.6177e+02 2.8032e+02 2.4713e+02 2.8931e+02
  57.5000 2.6169e+02 2.2400e+02 3.0039e+02 2.3077e+02 2.9229e+02 2.5539e+02 2.7347e+02 2.4109e+02 2.8226e+02
  57.7500 2.5532e+02 2.1855e+02 2.9307e+02 2.2515e+02 2.8515e+02 2.4918e+02 2.6681e+02 2.3522e+02 2.7540e+02
  58.0000 2.4914e+02 2.1325e+02 2.8595e+02 2.1970e+02 2.7821e+02 2.4315e+02 2.6034e+02 2.2951e+02 2.6874e+02
  58.2500 2.4312e+02 2.0810e+02 2.7903e+02 2.1439e+02 2.7147e+02 2.3728e+02 2.5406e+02 2.2396e+02 2.6226e+02
  58.5000 2.3727e+02 2.0309e+02 2.7230e+02 2.0923e+02 2.6492e+02 2.3158e+02 2.4794e+02 2.1856e+02 2.5596e+02
  58.7500 2.3158e+02 1.9822e+02 2.6576e+02 2.0422e+02 2.5854e+02 2.2604e+02 2.4199e+02 2.1331e+02 2.4983e+02
  59.0000 2.2605e+02 1.9348e+02 2.5940e+02 1.9934e+02 2.5234e+02 2.2064e+02 2.3621e+02 2.0821e+02 2.4388e+02
  59.2500 2.2067e+02 1.8887e+02 2.5322e+02 1.9459e+02 2.4632e+02 2.1540e+02 2.3059e+02 2.0325e+02 2.3808e+02
  59.5000 2.1544e+02 1.8438e+02 2.4720e+02 1.8998e+02 2.4045e+02 2.1030e+02 2.2512e+02 1.9842e+02 2.3245e+02
  59.7500 2.1035e+02 1.8002e+02 2.4135e+02 1.8549e+02 2.3475e+02 2.0533e+02 2.1980e+02 1.9372e+02 2.2697e+02
  60.0000 2.0540e+02 1.7578e+02 2.3566e+02 1.8112e+02 2.2921e+02 2.0050e+02 2.1462e+02 1.8915e+02 2.2164e+02
  60.2500 2.0058e+02 1.7165e+02 2.3012e+02 1.7687e+02 2.2381e+02 1.9581e+02 2.0959e+02 1.8470e+02 2.1645e+02
  60.5000 1.9589e+02 1.6763e+02 2.2473e+02 1.7274e+02 2.1856e+02 1.9123e+02 2.0468e+02 1.8037e+02 2.1140e+02
  60.7500 1.9133e+02 1.6372e+02 2.1949e+02 1.6871e+02 2.1345e+02 1.8678e+02 1.9991e+02 1.7616e+02 2.0649e+02
  61.0000 1.8688e+02 1.5992e+02 2.1439e+02 1.6480e+02 2.0848e+02 1.8245e+02 1.9527e+02 1.7206e+02 2.0171e+02
  61.2500 1.8256e+02 1.5621e+02 2.0942e+02 1.6098e+02 2.0364e+02 1.7824e+02 1.9075e+02 1.6807e+02 1.9706e+02
  61.5000 1.7835e+02 1.5260e+02 2.0459e+02 1.5727e+02 1.9893e+02 1.7413e+02 1.8636e+02 1.6419e+02 1.9253e+02
  61.7500 1.7426e+02 1.4909e+02 1.9988e+02 1.5366e+02 1.9434e+02 1.7014e+02 1.8207e+02 1.6040e+02 1.8812e+02
  62.0000 1.7027e+02 1.4567e+02 1.9530e+02 1.5014e+02 1.8988e+02 1.6625e+02 1.7791e+02 1.5672e+02 1.8382e+02
  62.2500 1.6638e+02 1.4234e+02 1.9084e+02 1.4671e+02 1.8553e+02 1.6246e+02 1.7384e+02 1.5313e+02 1.7964e+02
  62.5000 1.6260e+02 1.3910e+02 1.8650e+02 1.4338e+02 1.8130e+02 1.5877e+02 1.6989e+02 1.4964e+02 1.7557e+02
  62.7500 1.5891e+02 1.3594e+02 1.8227e+02 1.4013e+02 1.7718e+02 1.5517e+02 1.6604e+02 1.4624e+02 1.7161e+02
  63.0000 1.5533e+02 1.3286e+02 1.7815e+02 1.3696e+02 1.7316e+02 1.5167e+02 1.6229e+02 1.4292e+02 1.6775e+02
  63.2500 1.5183e+02 1.2987e+02 1.7414e+02 1.3388e+02 1.6925e+02 1.4826e+02 1.5864e+02 1.3969e+02 1.6399e+02
  63.5000 1.4842e+02 1.2695e+02 1.7023e+02 1.3087e+02 1.6544e+02 1.4494e+02 1.5508e+02 1.3655e+02 1.6032e+02
  63.7500 1.4510e+02 1.2410e+02 1.6642e+02 1.2795e+02 1.6173e+02 1.4170e+02 1.5161e+02 1.3348e+02 1.5675e+02
  64.0000 1.4187e+02 1.2133e+02 1.6271e+02 1.2509e+02 1.5812e+02 1.3855e+02 1.4823e+02 1.3050e+02 1.5327e+02
  64.2500 1.3872e+02 1.1863e+02 1.5910e+02 1.2232e+02 1.5459e+02 1.3547e+02 1.4494e+02 1.2758e+02 1.4988e+02
  64.5000 1.3565e+02 1.1600e+02 1.5557e+02 1.1961e+02 1.5116e+02 1.3248e+02 1.4173e+02 1.2475e+02 1.4658e+02
  64.7500 1.3266e+02 1.1343e+02 1.5214e+02 1.1697e+02 1.4781e+02 1.2956e+02 1.3860e+02 1.2198e+02 1.4336e+02
  65.0000 1.2974e+02 1.1093e+02 1.4879e+02 1.1439e+02 1.4455e+02 1.2671e+02 1.3555e+02 1.1929e+02 1.4022e+02
  65.2500 1.2689e+02 1.0849e+02 1.4553e+02 1.1189e+02 1.4138e+02 1.2394e+02 1.3258e+02 1.1666e+02 1.3716e+02
  65.5000 1.2412e+02 1.0611e+02 1.4235e+02 1.0944e+02 1.3828e+02 1.2123e+02 1.2969e+02 1.1410e+02 1.3418e+02
  65.7500 1.2142e+02 1.0379e+02 1.3925e+02 1.0706e+02 1.3525e+02 1.1859e+02 1.2686e+02 1.1160e+02 1.3127e+02
  66.0000 1.1878e+02 1.0153e+02 1.3623e+02 1.0473e+02 1.3231e+02 1.1602e+02 1.2411e+02 1.0916e+02 1.2844e+02
  66.2500 1.1621e+02 9.9328e+01 1.3329e+02 1.0247e+02 1.2944e+02 1.1352e+02 1.2142e+02 1.0679e+02 1.2567e+02
  66.5000 1.1371e+02 9.7177e+01 1.3041e+02 1.0025e+02 1.2664e+02 1.1107e+02 1.1880e+02 1.0447e+02 1.2297e+02
  66.7500 1.1126e+02 9.5080e+01 1.2761e+02 9.8097e+01 1.2391e+02 1.0868e+02 1.1625e+02 1.0221e+02 1.2034e+02
  67.0000 1.0888e+02 9.3034e+01 1.2488e+02 9.5994e+01 1.2124e+02 1.0636e+02 1.1375e+02 1.0001e+02 1.1778e+02
  67.2500 1.0655e+02 9.1038e+01 1.2221e+02 9.3942e+01 1.1864e+02 1.0408e+02 1.1132e+02 9.7856e+01 1.1528e+02
  67.5000 1.0428e+02 8.9091e+01 1.1961e+02 9.1940e+01 1.1611e+02 1.0187e+02 1.0895e+02 9.5758e+01 1.1284e+02
  67.7500 1.0206e+02 8.7191e+01 1.1707e+02 8.9987e+01 1.1364e+02 9.9708e+01 1.0664e+02 9.3711e+01 1.1045e+02
  68.0000 9.9904e+01 8.5338e+01 1.1459e+02 8.8082e+01 1.1122e+02 9.7599e+01 1.0438e+02 9.1713e+01 1.0813e+02
  68.2500 9.7795e+01 8.3529e+01 1.1218e+02 8.6222e+01 1.0887e+02 9.5540e+01 1.0218e+02 8.9764e+01 1.0586e+02
  68.5000 9.5737e+01 8.1763e+01 1.0982e+02 8.4407e+01 1.0657e+02 9.3532e+01 1.0003e+02 8.7861e+01 1.0365e+02
  68.7500 9.3729e+01 8.0040e+01 1.0752e+02 8.2636e+01 1.0433e+02 9.1572e+01 9.7928e+01 8.6004e+01 1.0149e+02
  69.0000 9.1769e+01 7.8358e+01 1.0528e+02 8.0907e+01 1.0214e+02 8.9658e+01 9.5880e+01 8.4192e+01 9.9384e+01
  69.2500 8.9856e+01 7.6716e+01 1.0308e+02 7.9220e+01 1.0000e+02 8.7790e+01 9.3880e+01 8.2422e+01 9.7326e+01
  69.5000 8.7988e+01 7.5114e+01 1.0095e+02 7.7573e+01 9.7919e+01 8.5967e+01 9.1929e+01 8.0695e+01 9.5317e+01
  69.7500 8.6164e+01 7.3549e+01 9.8857e+01 7.5965e+01 9.5884e+01 8.4187e+01 9.0024e+01 7.9009e+01 9.3357e+01
  70.0000 8.4384e+01 7.2021e+01 9.6818e+01 7.4395e+01 9.3898e+01 8.2449e+01 8.8164e+01 7.7363e+01 9.1442e+01
  70.2500 8.2646e+01 7.0530e+01 9.4828e+01 7.2862e+01 9.1958e+01 8.0752e+01 8.6348e+01 7.5756e+01 8.9573e+01
  70.5000 8.0949e+01 6.9074e+01 9.2885e+01 7.1365e+01 9.0064e+01 7.9095e+01 8.4574e+01 7.4186e+01 8.7748e+01
  70.7500 7.9292e+01 6.7651e+01 9.0987e+01 6.9904e+01 8.8216e+01 7.7476e+01 8.2843e+01 7.2654e+01 8.5966e+01
  71.0000 7.7674e+01 6.6263e+01 8.9134e+01 6.8476e+01 8.6410e+01 7.5896e+01 8.1152e+01 7.1157e+01 8.4225e+01
  71.2500 7.6093e+01 6.4906e+01 8.7325e+01 6.7082e+01 8.4647e+01 7.4353e+01 7.9500e+01 6.9696e+01 8.2525e+01
  71.5000 7.4549e+01 6.3581e+01 8.5557e+01 6.5721e+01 8.2925e+01 7.2845e+01 7.7887e+01 6.8268e+01 8.0865e+01
  71.7500 7.3041e+01 6.2287e+01 8.3831e+01 6.4391e+01 8.1243e+01 7.1372e+01 7.6311e+01 6.6874e+01 7.9243e+01
  72.0000 7.1569e+01 6.1023e+01 8.2145e+01 6.3092e+01 7.9600e+01 6.9934e+01 7.4772e+01 6.5512e+01 7.7658e+01
  72.2500 7.0129e+01 5.9788e+01 8.0497e+01 6.1823e+01 7.7995e+01 6.8528e+01 7.3268e+01 6.4181e+01 7.6110e+01
  72.5000 6.8724e+01 5.8581e+01 7.8888e+01 6.0583e+01 7.6427e+01 6.7155e+01 7.1799e+01 6.2881e+01 7.4598e+01
  72.7500 6.7350e+01 5.7402e+01 7.7316e+01 5.9372e+01 7.4896e+01 6.5813e+01 7.0363e+01 6.1611e+01 7.3120e+01
  73.0000 6.6007e+01 5.6250e+01 7.5779e+01 5.8188e+01 7.3399e+01 6.4502e+01 6.8960e+01 6.0370e+01 7.1676e+01
  73.2500 6.4696e+01 5.5125e+01 7.4278e+01 5.7031e+01 7.1937e+01 6.3221e+01 6.7589e+01 5.9157e+01 7.0264e+01
  73.5000 6.3414e+01 5.4024e+01 7.2811e+01 5.5900e+01 7.0508e+01 6.1969e+01 6.6250e+01 5.7972e+01 6.8885e+01
  73.7500 6.2161e+01 5.2949e+01 7.1377e+01 5.4795e+01 6.9111e+01 6.0745e+01 6.4940e+01 5.6813e+01 6.7537e+01
  74.0000 6.0937e+01 5.1898e+01 6.9975e+01 5.3715e+01 6.7746e+01 5.9549e+01 6.3660e+01 5.5681e+01 6.6219e+01
  74.2500 5.9740e+01 5.0871e+01 6.8605e+01 5.2660e+01 6.6412e+01 5.8379e+01 6.2409e+01 5.4575e+01 6.4931e+01
  74.5000 5.8569e+01 4.9867e+01 6.7266e+01 5.1628e+01 6.5108e+01 5.7236e+01 6.1187e+01 5.3493e+01 6.3672e+01
  74.7500 5.7426e+01 4.8885e+01 6.5957e+01 5.0619e+01 6.3833e+01 5.6118e+01 5.9991e+01 5.2435e+01 6.2441e+01
  75.0000 5.6307e+01 4.7925e+01 6.4678e+01 4.9633e+01 6.2587e+01 5.5026e+01 5.8822e+01 5.1402e+01 6.1237e+01
  75.2500 5.5214e+01 4.6987e+01 6.3426e+01 4.8668e+01 6.1369e+01 5.3957e+01 5.7679e+01 5.0391e+01 6.0060e+01
  75.5000 5.4145e+01 4.6069e+01 6.2203e+01 4.7725e+01 6.0177e+01 5.2913e+01 5.6562e+01 4.9403e+01 5.8909e+01
  75.7500 5.3099e+01 4.5172e+01 6.1006e+01 4.6803e+01 5.9012e+01 5.1891e+01 5.5469e+01 4.8436e+01 5.7783e+01
  76.0000 5.2076e+01 4.4295e+01 5.9836e+01 4.5901e+01 5.7873e+01 5.0892e+01 5.4400e+01 4.7491e+01 5.6682e+01
  76.2500 5.1076e+01 4.3436e+01 5.8692e+01 4.5020e+01 5.6759e+01 4.9915e+01 5.3355e+01 4.6567e+01 5.5606e+01
  76.5000 5.0098e+01 4.2597e+01 5.7573e+01 4.4157e+01 5.5670e+01 4.8959e+01 5.2333e+01 4.5663e+01 5.4553e+01
  76.7500 4.9142e+01 4.1776e+01 5.6479e+01 4.3313e+01 5.4604e+01 4.8024e+01 5.1333e+01 4.4779e+01 5.3522e+01
  77.0000 4.8206e+01 4.0973e+01 5.5408e+01 4.2488e+01 5.3562e+01 4.7109e+01 5.0355e+01 4.3914e+01 5.2514e+01
  77.2500 4.7290e+01 4.0188e+01 5.4360e+01 4.1680e+01 5.2542e+01 4.6215e+01 4.9398e+01 4.3069e+01 5.1529e+01
  77.5000 4.6394e+01 3.9419e+01 5.3336e+01 4.0891e+01 5.1545e+01 4.5340e+01 4.8461e+01 4.2241e+01 5.0564e+01
  77.7500 4.5518e+01 3.8667e+01 5.2333e+01 4.0118e+01 5.0569e+01 4.4483e+01 4.7545e+01 4.1431e+01 4.9620e+01
  78.0000 4.4661e+01 3.7931e+01 5.1352e+01 3.9361e+01 4.9614e+01 4.3645e+01 4.6649e+01 4.0639e+01 4.8696e+01
  78.2500 4.3822e+01 3.7212e+01 5.0392e+01 3.8622e+01 4.8680e+01 4.2825e+01 4.5772e+01 3.9864e+01 4.7792e+01
  78.5000 4.3001e+01 3.6507e+01 4.9453e+01 3.7898e+01 4.7766e+01 4.2023e+01 4.4914e+01 3.9106e+01 4.6908e+01
  78.7500 4.2197e+01 3.5818e+01 4.8534e+01 3.7189e+01 4.6871e+01 4.1237e+01 4.4075e+01 3.8364e+01 4.6042e+01
  79.0000 4.1411e+01 3.5143e+01 4.7634e+01 3.6495e+01 4.5996e+01 4.0469e+01 4.3253e+01 3.7638e+01 4.5195e+01
  79.2500 4.0641e+01 3.4483e+01 4.6754e+01 3.5817e+01 4.5139e+01 3.9717e+01 4.2448e+01 3.6927e+01 4.4365e+01
  79.5000 3.9888e+01 3.3837e+01 4.5892e+01 3.5152e+01 4.4300e+01 3.8980e+01 4.1661e+01 3.6232e+01 4.3553e+01
  79.7500 3.9150e+01 3.3204e+01 4.5049e+01 3.4502e+01 4.3479e+01 3.8260e+01 4.0890e+01 3.5551e+01 4.2759e+01
  80.0000 3.8428e+01 3.2585e+01 4.4223e+01 3.3865e+01 4.2676e+01 3.7554e+01 4.0136e+01 3.4885e+01 4.1980e+01
  80.2500 3.7721e+01 3.1979e+01 4.3414e+01 3.3242e+01 4.1889e+01 3.6863e+01 3.9397e+01 3.4232e+01 4.1219e+01
  80.5000 3.7029e+01 3.1385e+01 4.2623e+01 3.2632e+01 4.1119e+01 3.6187e+01 3.8674e+01 3.3593e+01 4.0473e+01
  80.7500 3.6352e+01 3.0804e+01 4.1848e+01 3.2034e+01 4.0365e+01 3.5525e+01 3.7966e+01 3.2968e+01 3.9742e+01
  81.0000 3.5688e+01 3.0236e+01 4.1089e+01 3.1449e+01 3.9627e+01 3.4876e+01 3.7272e+01 3.2356e+01 3.9027e+01
  81.2500 3.5039e+01 2.9679e+01 4.0346e+01 3.0877e+01 3.8904e+01 3.4241e+01 3.6593e+01 3.1757e+01 3.8327e+01
  81.5000 3.4403e+01 2.9133e+01 3.9618e+01 3.0316e+01 3.8196e+01 3.3620e+01 3.5929e+01 3.1170e+01 3.7640e+01
  81.7500 3.3780e+01 2.8599e+01 3.8906e+01 2.9766e+01 3.7503e+01 3.3011e+01 3.5278e+01 3.0595e+01 3.6968e+01
  82.0000 3.3169e+01 2.8076e+01 3.8207e+01 2.9228e+01 3.6824e+01 3.2414e+01 3.4640e+01 3.0032e+01 3.6310e+01
  82.2500 3.2572e+01 2.7563e+01 3.7524e+01 2.8701e+01 3.6159e+01 3.1830e+01 3.4015e+01 2.9481e+01 3.5666e+01
  82.5000 3.1986e+01 2.7062e+01 3.6854e+01 2.8185e+01 3.5508e+01 3.1258e+01 3.3404e+01 2.8942e+01 3.5034e+01
  82.7500 3.1413e+01 2.6570e+01 3.6198e+01 2.7679e+01 3.4870e+01 3.0697e+01 3.2804e+01 2.8413e+01 3.4415e+01
  83.0000 3.0851e+01 2.6088e+01 3.5556e+01 2.7184e+01 3.4245e+01 3.0148e+01 3.2217e+01 2.7895e+01 3.3809e+01
  83.2500 3.0301e+01 2.5617e+01 3.4926e+01 2.6698e+01 3.3632e+01 2.9610e+01 3.1642e+01 2.7388e+01 3.3215e+01
  83.5000 2.9761e+01 2.5155e+01 3.4309e+01 2.6223e+01 3.3032e+01 2.9083e+01 3.1079e+01 2.6891e+01 3.2633e+01
  83.7500 2.9233e+01 2.4702e+01 3.3705e+01 2.5757e+01 3.2445e+01 2.8567e+01 3.0527e+01 2.6404e+01 3.2063e+01
  84.0000 2.8715e+01 2.4258e+01 3.3113e+01 2.5301e+01 3.1869e+01 2.8061e+01 2.9986e+01 2.5927e+01 3.1504e+01
  84.2500 2.8208e+01 2.3824e+01 3.2533e+01 2.4853e+01 3.1305e+01 2.7565e+01 2.9456e+01 2.5459e+01 3.0956e+01
  84.5000 2.7711e+01 2.3398e+01 3.1964e+01 2.4415e+01 3.0752e+01 2.7079e+01 2.8937e+01 2.5002e+01 3.0420e+01
  84.7500 2.7224e+01 2.2981e+01 3.1407e+01 2.3986e+01 3.0210e+01 2.6603e+01 2.8428e+01 2.4553e+01 2.9894e+01
  85.0000 2.6746e+01 2.2572e+01 3.0860e+01 2.3565e+01 2.9679e+01 2.6136e+01 2.7929e+01 2.4113e+01 2.9378e+01
  85.2500 2.6278e+01 2.2171e+01 3.0325e+01 2.3152e+01 2.9159e+01 2.5679e+01 2.7440e+01 2.3683e+01 2.8873e+01
  85.5000 2.5820e+01 2.1778e+01 2.9801e+01 2.2748e+01 2.8649e+01 2.5231e+01 2.6961e+01 2.3261e+01 2.8377e+01
  85.7500 2.5370e+01 2.1394e+01 2.9286e+01 2.2351e+01 2.8149e+01 2.4791e+01 2.6492e+01 2.2847e+01 2.7892e+01
  86.0000 2.4930e+01 2.1016e+01 2.8782e+01 2.1963e+01 2.7659e+01 2.4361e+01 2.6031e+01 2.2442e+01 2.7415e+01
  86.2500 2.4498e+01 2.0647e+01 2.8288e+01 2.1582e+01 2.7179e+01 2.3939e+01 2.5580e+01 2.2045e+01 2.6948e+01
  86.5000 2.4074e+01 2.0284e+01 2.7804e+01 2.1209e+01 2.6708e+01 2.3525e+01 2.5138e+01 2.1655e+01 2.6491e+01
  86.7500 2.3659e+01 1.9929e+01 2.7329e+01 2.0843e+01 2.6247e+01 2.3119e+01 2.4704e+01 2.1274e+01 2.6042e+01
  87.0000 2.3252e+01 1.9581e+01 2.6863e+01 2.0484e+01 2.5794e+01 2.2722e+01 2.4279e+01 2.0900e+01 2.5602e+01
  87.2500 2.2853e+01 1.9240e+01 2.6407e+01 2.0132e+01 2.5351e+01 2.2332e+01 2.3863e+01 2.0533e+01 2.5170e+01
  87.5000 2.2462e+01 1.8905e+01 2.5959e+01 1.9787e+01 2.4916e+01 2.1950e+01 2.3454e+01 2.0174e+01 2.4747e+01
  87.7500 2.2078e+01 1.8577e+01 2.5520e+01 1.9449e+01 2.4490e+01 2.1575e+01 2.3053e+01 1.9821e+01 2.4332e+01
  88.0000 2.1702e+01 1.8255e+01 2.5089e+01 1.9117e+01 2.4072e+01 2.1207e+01 2.2660e+01 1.9476e+01 2.3925e+01
  88.2500 2.1333e+01 1.7940e+01 2.4667e+01 1.8792e+01 2.3662e+01 2.0847e+01 2.2275e+01 1.9137e+01 2.3526e+01
  88.5000 2.0971e+01 1.7631e+01 2.4253e+01 1.8473e+01 2.3259e+01 2.0493e+01 2.1897e+01 1.8805e+01 2.3134e+01
  88.7500 2.0616e+01 1.7327e+01 2.3847e+01 1.8160e+01 2.2865e+01 2.0146e+01 2.1527e+01 1.8480e+01 2.2750e+01
  89.0000 2.0268e+01 1.7030e+01 2.3449e+01 1.7854e+01 2.2479e+01 1.9806e+01 2.1163e+01 1.8160e+01 2.2373e+01
  89.2500 1.9927e+01 1.6738e+01 2.3058e+01 1.7553e+01 2.2099e+01 1.9473e+01 2.0807e+01 1.7847e+01 2.2003e+01
  89.5000 1.9592e+01 1.6452e+01 2.2675e+01 1.7258e+01 2.1727e+01 1.9146e+01 2.0457e+01 1.7540e+01 2.1641e+01
  89.7500 1.9264e+01 1.6172e+01 2.2299e+01 1.6968e+01 2.1363e+01 1.8825e+01 2.0114e+01 1.7239e+01 2.1285e+01
  90.0000 1.8942e+01 1.5896e+01 2.1930e+01 1.6684e+01 2.1005e+01 1.8510e+01 1.9778e+01 1.6944e+01 2.0936e+01
  90.2500 1.8625e+01 1.5626e+01 2.1568e+01 1.6405e+01 2.0653e+01 1.8201e+01 1.9448e+01 1.6654e+01 2.0593e+01
  90.5000 1.8315e+01 1.5362e+01 2.1214e+01 1.6132e+01 2.0309e+01 1.7898e+01 1.9124e+01 1.6370e+01 2.0257e+01
  90.7500 1.8011e+01 1.5102e+01 2.0865e+01 1.5864e+01 1.9971e+01 1.7601e+01 1.8806e+01 1.6092e+01 1.9927e+01
  91.0000 1.7713e+01 1.4847e+01 2.0524e+01 1.5601e+01 1.9640e+01 1.7310e+01 1.8495e+01 1.5818e+01 1.9604e+01
  91.2500 1.7420e+01 1.4597e+01 2.0188e+01 1.5342e+01 1.9314e+01 1.7023e+01 1.8189e+01 1.5550e+01 1.9286e+01
  91.5000 1.7132e+01 1.4352e+01 1.9859e+01 1.5089e+01 1.8995e+01 1.6743e+01 1.7889e+01 1.5287e+01 1.8974e+01
  91.7500 1.6850e+01 1.4111e+01 1.9536e+01 1.4841e+01 1.8682e+01 1.6467e+01 1.7595e+01 1.5029e+01 1.8668e+01
  92.0000 1.6574e+01 1.3875e+01 1.9219e+01 1.4597e+01 1.8375e+01 1.6197e+01 1.7306e+01 1.4776e+01 1.8368e+01
  92.2500 1.6302e+01 1.3644e+01 1.8908e+01 1.4357e+01 1.8073e+01 1.5932e+01 1.7022e+01 1.4528e+01 1.8073e+01
  92.5000 1.6035e+01 1.3416e+01 1.8603e+01 1.4122e+01 1.7777e+01 1.5671e+01 1.6744e+01 1.4284e+01 1.7784e+01
  92.7500 1.5774e+01 1.3193e+01 1.8303e+01 1.3892e+01 1.7487e+01 1.5416e+01 1.6471e+01 1.4045e+01 1.7500e+01
  93.0000 1.5517e+01 1.2974e+01 1.8009e+01 1.3665e+01 1.7201e+01 1.5165e+01 1.6203e+01 1.3810e+01 1.7221e+01
  93.2500 1.5265e+01 1.2759e+01 1.7720e+01 1.3443e+01 1.6922e+01 1.4919e+01 1.5940e+01 1.3580e+01 1.6947e+01
  93.5000 1.5018e+01 1.2549e+01 1.7437e+01 1.3225e+01 1.6647e+01 1.4677e+01 1.5681e+01 1.3354e+01 1.6678e+01
  93.7500 1.4775e+01 1.2342e+01 1.7159e+01 1.3011e+01 1.6378e+01 1.4440e+01 1.5428e+01 1.3133e+01 1.6415e+01
  94.0000 1.4536e+01 1.2139e+01 1.6886e+01 1.2801e+01 1.6113e+01 1.4207e+01 1.5179e+01 1.2915e+01 1.6155e+01
  94.2500 1.4302e+01 1.1939e+01 1.6618e+01 1.2595e+01 1.5853e+01 1.3978e+01 1.4935e+01 1.2701e+01 1.5901e+01
  94.5000 1.4073e+01 1.1743e+01 1.6354e+01 1.2392e+01 1.5598e+01 1.3754e+01 1.4695e+01 1.2492e+01 1.5651e+01
  94.7500 1.3847e+01 1.1551e+01 1.6096e+01 1.2193e+01 1.5348e+01 1.3534e+01 1.4459e+01 1.2286e+01 1.5406e+01
  95.0000 1.3626e+01 1.1363e+01 1.5842e+01 1.1998e+01 1.5102e+01 1.3317e+01 1.4228e+01 1.2084e+01 1.5165e+01
  95.2500 1.3408e+01 1.1178e+01 1.5593e+01 1.1806e+01 1.4861e+01 1.3105e+01 1.4001e+01 1.1886e+01 1.4928e+01
  95.5000 1.3194e+01 1.0996e+01 1.5348e+01 1.1618e+01 1.4623e+01 1.2896e+01 1.3778e+01 1.1691e+01 1.4696e+01
  95.7500 1.2985e+01 1.0817e+01 1.5108e+01 1.1433e+01 1.4391e+01 1.2691e+01 1.3559e+01 1.1500e+01 1.4468e+01
  96.0000 1.2779e+01 1.0642e+01 1.4871e+01 1.1252e+01 1.4162e+01 1.2490e+01 1.3345e+01 1.1312e+01 1.4244e+01
  96.2500 1.2577e+01 1.0470e+01 1.4640e+01 1.1074e+01 1.3938e+01 1.2293e+01 1.3133e+01 1.1128e+01 1.4023e+01
  96.5000 1.2378e+01 1.0301e+01 1.4412e+01 1.0899e+01 1.3717e+01 1.2098e+01 1.2926e+01 1.0947e+01 1.3807e+01
  96.7500 1.2183e+01 1.0135e+01 1.4188e+01 1.0727e+01 1.3501e+01 1.1908e+01 1.2723e+01 1.0770e+01 1.3595e+01
  97.0000 1.1992e+01 9.9725e+00 1.3968e+01 1.0558e+01 1.3289e+01 1.1721e+01 1.2523e+01 1.0596e+01 1.3386e+01
  97.2500 1.1803e+01 9.8125e+00 1.3753e+01 1.0392e+01 1.3080e+01 1.1537e+01 1.2326e+01 1.0425e+01 1.3181e+01
  97.5000 1.1619e+01 9.6554e+00 1.3541e+01 1.0229e+01 1.2875e+01 1.1357e+01 1.2133e+01 1.0257e+01 1.2979e+01
  97.7500 1.1437e+01 9.5011e+00 1.3332e+01 1.0069e+01 1.2673e+01 1.1179e+01 1.1944e+01 1.0091e+01 1.2781e+01
  98.0000 1.1259e+01 9.3496e+00 1.3128e+01 9.9122e+00 1.2475e+01 1.1005e+01 1.1758e+01 9.9293e+00 1.2587e+01
  98.2500 1.1084e+01 9.2007e+00 1.2927e+01 9.7578e+00 1.2281e+01 1.0834e+01 1.1575e+01 9.7701e+00 1.2396e+01
  98.5000 1.0911e+01 9.0546e+00 1.2729e+01 9.6061e+00 1.2090e+01 1.0666e+01 1.1395e+01 9.6138e+00 1.2208e+01
  98.7500 1.0742e+01 8.9110e+00 1.2535e+01 9.4571e+00 1.1902e+01 1.0500e+01 1.1219e+01 9.4603e+00 1.2023e+01
  99.0000 1.0576e+01 8.7699e+00 1.2344e+01 9.3107e+00 1.1718e+01 1.0338e+01 1.1045e+01 9.3095e+00 1.1842e+01
  99.2500 1.0413e+01 8.6313e+00 1.2157e+01 9.1669e+00 1.1537e+01 1.0179e+01 1.0875e+01 9.1613e+00 1.1664e+01
  99.5000 1.0253e+01 8.4952e+00 1.1973e+01 9.0256e+00 1.1359e+01 1.0022e+01 1.0707e+01 9.0158e+00 1.1489e+01
  99.7500 1.0095e+01 8.3615e+00 1.1792e+01 8.8868e+00 1.1184e+01 9.8679e+00 1.0543e+01 8.8729e+00 1.1316e+01
 100.0000 9.9402e+00 8.2301e+00 1.1614e+01 8.7503e+00 1.1013e+01 9.7166e+00 1.0382e+01 8.7325e+00 1.1147e+01